0: 
1: 
2: 
3: 
4: 
5: 17,18
6: 5
7: 18,8,19
8: 9,19,7
9: 8
10: 21,11
11: 12,10,22,23
12: 11,13
13: 12,23,25,24
14: 
15: 31,16
16: 17,15,31,32
17: 16,5,32,18
18: 7,17,5,32,33
19: 8,7,34,35,20
20: 35,19,21
21: 10,20,37,22
22: 37,21,11,38,23
23: 39,57,38,22,11,13
24: 13,39,25
25: 13,24,27
26: 28
27: 42,25,41
28: 26
29: 30,49,48
30: 49,31,29
31: 30,49,50,15,16
32: 51,17,16,18,33
33: 34,53,32,18
34: 33,53,19,35
35: 20,54,34,19,73
36: 37,54,74,55
37: 22,36,21
38: 57,23,22,56
39: 57,23,40,24
40: 59,39,57
41: 60,42,27
42: 61,27,41,60
43: 63
44: 63,45
45: 44
46: 47
47: 46
48: 49,29,68
49: 30,31,29,48,50
50: 49,31,69
51: 32
52: 53
53: 33,34,71,52,73
54: 35,73,74,36
55: 75,97,74,96,36
56: 75,76,38,77
57: 39,38,23,58,40
58: 78,57
59: 40,79
60: 79,41,42,80
61: 42
62: 81,63
63: 44,43,62
64: 84,82
65: 66,86,110
66: 65,87
67: 68
68: 89,90,67,48
69: 91,50,90
70: 
71: 93,53,94,72
72: 71,94,118
73: 74,53,35,54
74: 73,96,54,36,55
75: 97,55,98,56,76
76: 75,98,56,77
77: 78,122,98,56,76
78: 77,122,58,99,79
79: 60,100,78,59
80: 81,102,60,101
81: 80,102,62,104
82: 64
83: 105
84: 64,105,106
85: 
86: 65,110,109
87: 66
88: 111,89
89: 68,90,88,112,113
90: 68,89,113,114,69
91: 69,115,92
92: 115,138,114,91
93: 71,116,94
94: 116,141,71,93,142,72
95: 96,118
96: 74,95,118,97,55,119
97: 75,55,98,96,120,119
98: 75,97,76,77,122,121
99: 147,78,122,100,123
100: 79,99,123
101: 125,80
102: 80,81,103
103: 125,126,102,128
104: 81,128
105: 84,83,129
106: 84,130,155
107: 
108: 
109: 110,133,86
110: 134,109,133,86,65
111: 136,135,88
112: 136,89,113
113: 138,114,137,112,136,89,90
114: 113,138,90,92
115: 140,92,91,116
116: 94,141,115,93
117: 118,143,144,142,168
118: 144,117,95,96,72,119
119: 120,96,118,144,97
120: 119,97,121
121: 146,98,120,145,122
122: 77,78,98,99,121
123: 148,99,147,100
124: 148,125,149,175
125: 126,101,103,149,124
126: 125,103,149,150,151
127: 128,151,152
128: 127,103,104
129: 152,130,105,153
130: 129,106,155
131: 
132: 157
133: 110,109,159
134: 110,135,160
135: 111,136,134,161,160
136: 111,112,135,161,113,137
137: 113,138,136,161,162,163
138: 113,114,137,92
139: 165,191,164,140
140: 115,139,141
141: 116,94,140,166,142
142: 167,94,141,117,194
143: 144,117,168
144: 118,143,117,168,169,119
145: 170,146,121,171
146: 147,121,145,172,171
147: 99,146,172,123,148,173
148: 123,124,147,174,173
149: 125,126,124,150,176,175
150: 176,126,149,151
151: 204,126,150,176,127
152: 129,127,177,153
153: 179,177,129,152,154
154: 180,153,155,181
155: 181,130,106,154
156: 209,181
157: 132,184
158: 184,159,213,185
159: 185,158,133
160: 161,134,135
161: 162,188,160,136,135,137
162: 161,188,137,163
163: 190,164,162,137
164: 163,190,191,139
165: 192,191,139,166
166: 167,165,141
167: 166,193,142,221,194
168: 194,195,169,143,144,117
169: 168,195,144,170
170: 197,199,169,145,171
171: 172,145,170,199,146
172: 200,171,147,146,173
173: 147,172,148
174: 201,148,227
175: 124,201,149
176: 150,149,151,203
177: 204,178,152,179,153,205
178: 177,204,232,205
179: 153,206,205,177,180
180: 154,179,206,234,207
181: 155,154,156
182: 
183: 210,184
184: 158,183,157,210,211
185: 159,213,186,158
186: 213,185,214,187
187: 188,186
188: 161,162,187,189,216
189: 188,216,190
190: 163,164,189,216,217
191: 165,139,164,219,246
192: 165,219,193
193: 167,192
194: 168,167,142,221,222
195: 168,169,222,223,196
196: 224,198,251,195,223,197,199
197: 170,199,196
198: 251,196,199
199: 170,197,198,196,200,171
200: 172,199,226,225
201: 174,227,229,175,202
202: 230,257,201,229
203: 204,176,230,231
204: 177,178,151,203
205: 179,177,178,232,233,234
206: 179,234,180
207: 235,234,262,180,208
208: 207,209
209: 156,208
210: 238,183,184,211
211: 210,238,184
212: 239,240
213: 186,185,158,214
214: 240,243,213,186
215: 216,272,243
216: 215,272,188,189,190,217
217: 244,216,272,190
218: 273,244,274,245
219: 220,246,192,191,248
220: 219,246,274,247,248
221: 167,194,222
222: 250,223,221,194,195
223: 222,250,279,195,224,196
224: 251,196,223,279
225: 226,253,252,200
226: 225,200
227: 228,229,201,174
228: 227,255,229,254,256
229: 227,228,201,256,202,257
230: 202,257,258,203,231,259
231: 259,230,203
232: 259,260,178,205
233: 234,261,262,205
234: 233,262,206,205,180,207
235: 207
236: 263,237
237: 236,294
238: 210,266,211
239: 212,298,268,240,269
240: 214,239,212,269,242
241: 269,299,242,270
242: 241,269,240,243,270
243: 214,242,215
244: 217,272,218
245: 304,273,218,303,274
246: 220,219,274,191
247: 275,220,274,276
248: 220,219,276,306
249: 306,250,278
250: 222,223,279,249,278
251: 224,198,196,252
252: 253,225,251,281,282
253: 225,252,282
254: 228,255,282,283
255: 228,254,256
256: 228,255,229,257,314
257: 202,230,258,229,256
258: 230,257,285,286,259,287
259: 231,232,260,230,258,287
260: 259,232,287,261,288
261: 233,262,260,289,288,290
262: 233,234,261,207,290
263: 236,264,291
264: 263
265: 294
266: 295,238
267: 268
268: 298,297,296,267,239
269: 241,242,239,298,240
270: 271,329,241,299,242,300
271: 270,329,272
272: 215,216,271,217,244
273: 218,301,303,302,245
274: 220,246,218,247,245
275: 247,304,333,305
276: 306,247,248
277: 306,335,278,307
278: 308,249,277,306,250,279
279: 250,223,278,224
280: 310
281: 310,311,252
282: 253,252,254,283
283: 313,282,254
284: 313,371,314,342
285: 314,315,286,258
286: 285,315,258,317,316,345
287: 317,258,259,260,288
288: 289,318,260,287,261
289: 319,288,261,290,320
290: 320,261,262,289
291: 263
292: 293
293: 294,292,323
294: 293,265,237
295: 266,324
296: 354,268,297,325
297: 298,268,296,326,325
298: 268,297,239,269
299: 241,328,270,300
300: 358,299,328,270,329
301: 273,329,302
302: 331,330,273,301,303
303: 273,302,304,245,332
304: 275,245,303,332,333
305: 334,364,393,275,333
306: 276,277,248,249,278
307: 336,277,335
308: 278,310,309
309: 338,308,337,310
310: 280,281,308,309
311: 281,338,339,340
312: 340,313,341
313: 283,284,312,371
314: 285,284,256,342
315: 285,286,344
316: 317,286,345
317: 287,316,286,345
318: 288,346
319: 289,346,347,348
320: 290,289,348
321: 322
322: 350,351,381,321
323: 352,381,293
324: 353,295
325: 356,326,355,296,354,297
326: 325,297
327: 328,356,386
328: 327,357,299,300
329: 271,270,358,300,301
330: 331,302,359,360,361
331: 330,302,361,362
332: 333,362,363,303,304
333: 332,363,275,304,393,305
334: 364,335,305
335: 334,364,277,336,365,307
336: 337,366,365,307,335
337: 336,366,338,368,309
338: 368,339,309,337,311
339: 338,368,311,340,369
340: 312,311,339
341: 312
342: 343,372,284,371,314
343: 344,342
344: 343,315
345: 404,286,317,316,346
346: 318,319,345,347
347: 376,319,346
348: 349,378,319,320
349: 379,348
350: 351,322,379
351: 350,322,381,379,409
352: 323,381,440,382
353: 324,383,412
354: 383,296,325
355: 356,325
356: 355,325,385,327
357: 328,416,387,386,388
358: 359,300,329
359: 358,360,388,330
360: 359,330,389
361: 390,389,331,330,362,391
362: 332,363,331,361,391
363: 332,333,362,392,391,393
364: 334,393,335,305,394,423,365
365: 336,366,364,335,394,395
366: 336,337,365
367: 397,396,425,368
368: 338,339,337,367,369
369: 398,368,339
370: 399,400
371: 284,313,342,372
372: 373,342,371,402
373: 372,374,402
374: 373,402,403,433
375: 404
376: 347,405
377: 406,378,407,437
378: 379,348,377,407
379: 349,378,407,350,351,409
380: 409
381: 351,322,352,323
382: 352,411,440
383: 353,354,413,384
384: 383,413
385: 415,356,386
386: 416,385,415,327,357
387: 416,357,388
388: 418,357,387,359
389: 390,419,361,418,360
390: 420,361,389,449,421,391,450
391: 421,390,361,362,363
392: 421,363
393: 364,305,333,363,423
394: 424,423,364,365,395
395: 454,424,394,365
396: 425,367
397: 367,427,425,456,485,426
398: 399,428,369
399: 429,398,370
400: 459,370
401: 430,402,431
402: 403,432,401,373,372,374
403: 402,432,374,462
404: 345,375,433
405: 406,433,434,376
406: 377,405,435,436
407: 408,437,377,379,378,409
408: 407,409
409: 380,379,407,408,351
410: 441,440
411: 441,440,470,382
412: 353
413: 383,384
414: 443,444
415: 385,444,416,386,446,445
416: 387,386,446,415,357
417: 418,446,447,476
418: 388,417,447,389
419: 389,449
420: 390,449,450
421: 422,392,391,390,450
422: 421,424,423,452
423: 424,394,422,364,393
424: 394,423,422,452,453,395,454
425: 396,397,367,426
426: 485,425,397
427: 397,456
428: 429,398,458,459
429: 399,428,459
430: 401,459,458,460
431: 401,460
432: 402,403,462
433: 434,374,404,405
434: 433,405
435: 465,464,406
436: 465,406,437,495
437: 407,467,377,436
438: 468,467,497
439: 468,469,441
440: 411,410,352,382
441: 411,410,439,470
442: 
443: 472,414
444: 473,502,415,414,445
445: 415,502,444,446
446: 416,415,445,417
447: 477,476,418,417,448
448: 449,478,447,477
449: 448,390,419,420,450
450: 451,480,390,420,449,421
451: 450,480,481,452
452: 453,422,451,481,424
453: 452,482,483,481,424
454: 395,424,483
455: 512,484,485
456: 485,487,397,427,457,488
457: 488,456
458: 489,428,430,459
459: 400,430,428,429,458
460: 490,430,431,461
461: 462,491,490,460,519
462: 461,403,432,463
463: 464,462,492
464: 463,493,465,435
465: 494,435,436,464,493,495
466: 495,497,467,496,498
467: 437,466,497,438
468: 439,438,469
469: 498,499,468,439
470: 411,441
471: 
472: 443,500,473,501
473: 502,444,472,501,530
474: 503,475,502
475: 474,503
476: 447,477,504,417,505
477: 447,476,505,506,478,448
478: 479,448,477,506,535
479: 478,507,535,480,509
480: 450,451,479,509
481: 451,452,453,482,510
482: 453,483,481,510,511
483: 453,482,454,512
484: 541,513,512,455,486,514
485: 456,486,487,426,455,397
486: 485,487,484,514
487: 456,486,485,488
488: 457,456,487,516,515
489: 458,517,545,518
490: 460,518,461,519
491: 461,492,520,519
492: 491,463
493: 464,522,465,494,523
494: 465,493
495: 466,465,436
496: 524,466
497: 466,467,438,498
498: 469,499,466,497,527
499: 498,469,527,528
500: 557,472,501,529
501: 530,472,500,473
502: 473,444,531,474,503,445
503: 474,475,504,502,531,532
504: 503,476
505: 534,533,506,477,476
506: 505,534,477,478,535
507: 535,536,479,509,508
508: 538,509,507,566,537
509: 508,479,507,480,510
510: 539,481,538,509,482
511: 539,482,512,540,541
512: 455,483,511,541,484
513: 484,514,542
514: 513,484,486,515
515: 516,544,514,543,488
516: 517,515,488
517: 516,544,489,545,518
518: 546,545,489,517,490
519: 520,547,490,461,491
520: 548,547,519,491
521: 550
522: 550,493,523,551
523: 551,552,493,522
524: 496
525: 526,527,555
526: 527,525
527: 526,525,498,499
528: 499
529: 530,500,558,586
530: 501,531,529,473
531: 530,502,503
532: 503,561
533: 505,534,561
534: 505,533,506,561,562,563
535: 507,536,506,478,479
536: 507,535,564
537: 593,566,565,508
538: 508,566,510,539,567
539: 510,511,567,538,568,540
540: 541,511,539,569
541: 540,484,511,512,569
542: 513,571
543: 571,515,573,572,599
544: 517,515
545: 546,574,518,489,517
546: 574,545,518,575,547
547: 548,520,519,546
548: 520,547,575,576,577
549: 550
550: 521,522,549,551
551: 523,552,522,550,581,579
552: 523,551,581,553
553: 552,582
554: 583,610
555: 525,583,584,556
556: 584,555
557: 500
558: 585,529
559: 586,560
560: 586,559,587
561: 534,533,532,562,589
562: 563,534,561
563: 562,534,564,591
564: 591,565,563,536
565: 564,537
566: 593,537,594,538,508,567
567: 539,538,566,568
568: 596,595,539,567
569: 570,597,596,540,541
570: 597,569,624,571,598
571: 626,598,570,543,542
572: 573,599,543
573: 600,601,572,599,543,574
574: 546,545,573,602
575: 603,602,546,548,576
576: 605,604,577,575,548
577: 576,605,548
578: 606,633,580,579
579: 581,580,578,551
580: 608,581,607,579,578,633
581: 608,580,607,579,551,552,609
582: 609,553
583: 611,554,555,584
584: 556,555,583
585: 558
586: 559,587,560,529
587: 586,560,613,639
588: 
589: 590,561
590: 589,616,617
591: 564,592,563,617
592: 591,618,593
593: 566,537,594,592,620
594: 593,566,620,595
595: 596,568,594,620,621
596: 568,595,597,569,623
597: 570,569,596,624
598: 571,626,570
599: 573,600,572,543,626
600: 573,601,599,626,628
601: 573,600,628,603,602,629
602: 603,575,601,574
603: 575,602,601,629,630,657
604: 576,605,631,657
605: 576,604,577,631,632
606: 578,632,633
607: 608,581,580,634,661
608: 581,580,607
609: 610,582,581,635
610: 609,635,611,554,637
611: 583,610,637,638
612: 
613: 639,587
614: 641,615,640
615: 614,641,642
616: 642,643,590,644,617
617: 618,644,645,590,616,591
618: 645,617,592
619: 647,646,645
620: 647,593,594,595,621,648
621: 649,648,622,647,620,595,623
622: 621,623
623: 675,596,621,649,622
624: 650,570,597
625: 
626: 571,598,600,599
627: 628
628: 627,654,600,601,629
629: 655,630,601,628,654,603
630: 655,629,656,603,657
631: 605,604,632
632: 659,633,684,605,631,606
633: 659,632,578,606,580,634
634: 661,633,607
635: 636,662,661,610,609
636: 635,662,663,637
637: 638,610,636,611
638: 637,611
639: 613,587,666
640: 614,641,666
641: 614,615,640,666,667
642: 643,616,668,615
643: 642,616,668,669,644
644: 645,670,617,643,616
645: 618,644,670,617,671,619
646: 619
647: 620,619,621,648
648: 621,649,647,620,697
649: 621,648,697,675,623,674
650: 675,624,651
651: 652,650,676
652: 651,677,678,653
653: 702,679,678,652,654
654: 628,679,653,655,629,680
655: 629,630,656,654
656: 655,630,681,680,658,682
657: 658,603,630,604
658: 657,656,682,683,684
659: 632,633,684,660
660: 709,685,659,686
661: 634,607,635,662
662: 635,636,661,687
663: 711,687,636,688
664: 688
665: 691,690,666
666: 641,640,639,665
667: 691,641,668
668: 642,643,667,692,669
669: 692,693,643,668
670: 644,645,671,694
671: 694,695,645,670,672
672: 717,673,671,695
673: 672,696,697
674: 649,697,698,675
675: 650,623,649,674
676: 700,699,651
677: 700,701,652,678
678: 702,653,652,677
679: 703,653,654,725,680
680: 725,681,704,654,679,656,682
681: 704,680,656,682
682: 706,705,656,681,704,680,658
683: 706,658,684,707
684: 659,632,658,683
685: 707,709,660
686: 731,687,709,660
687: 686,731,710,662,711,663
688: 664,663
689: 
690: 691,665
691: 690,665,667,692
692: 713,669,693,691,668
693: 692,669,734,694,735
694: 671,715,695,693,670,735
695: 671,715,694,735,717,672
696: 718,697,673,738,739
697: 696,698,673,649,648,674
698: 718,697,719,720,674
699: 720,721,676,700
700: 677,676,701,699,721
701: 677,700,723
702: 678,724,653
703: 679,724,745,725
704: 725,681,680,705,682
705: 706,682,704,726,727
706: 705,682,683,707,728
707: 709,685,728,708,706,683
708: 707,709,728,729,730
709: 707,685,660,708,686,731,730
710: 731,687,711,732
711: 663,710,687,732
712: 713,733
713: 692,712
714: 736,735,753,754
715: 694,695,735
716: 736,717,737
717: 672,695,716
718: 696,698,719,739
719: 739,718,698,720,741
720: 699,721,698,719,741
721: 699,720,700,722
722: 723,721,742
723: 722,701
724: 703,702,745
725: 704,680,703,679,745,726
726: 746,725,705,727
727: 748,747,726,705
728: 707,708,706,729,749
729: 749,728,708
730: 751,709,708,731
731: 686,710,687,709,730
732: 710,711
733: 712
734: 693
735: 714,693,715,694,695
736: 714,755,754,716,737
737: 772,756,736,755,716
738: 696,739
739: 757,719,738,718,696
740: 757,759
741: 759,719,720
742: 760,722,761
743: 
744: 
745: 764,703,724,725
746: 726,764,781,765,747
747: 748,727,746,765,766
748: 747,727,783,766,749,767
749: 729,748,728,767
750: 751
751: 752,730,750
752: 751
753: 714
754: 755,736,714
755: 754,771,736,772,737
756: 737,757
757: 739,740,756
758: 776,760,775,759
759: 741,740,758,760
760: 758,776,777,742,759
761: 790,778,742,777
762: 763,778
763: 762
764: 745,746
765: 781,782,746,747,766
766: 795,783,765,782,748,747
767: 769,748,783,768,749
768: 767
769: 767
770: 
771: 755
772: 737,755
773: 774
774: 773,775
775: 774,758,788
776: 758,760,777
777: 776,760,789,761,790
778: 761,790,779,762
779: 780,778,792
780: 779,792,794
781: 765,794,746
782: 765,795,766
783: 795,766,748,784,767
784: 783
785: 
786: 796,787
787: 796,786
788: 797,775,796
789: 798,777,790,791
790: 761,778,777,789,791
791: 789,790
792: 793,779,780,794
793: 792,794
794: 781,780,792,793
795: 783,766,782
796: 787,786,797,788
797: 788,798,796
798: 797,789
799: 800
800: 801,799
801: 800