0: 
1: 
2: 
3: 
4: 
5: 16,6
6: 5
7: 19
8: 19
9: 
10: 
11: 12
12: 11
13: 39,24
14: 
15: 16,31
16: 17,5,31,15
17: 16
18: 19,33,32
19: 18,7,8
20: 35,21,37,36
21: 20,37
22: 
23: 39,38,57
24: 40,39,13
25: 26,27
26: 25
27: 42,43,25
28: 44,63
29: 48,49
30: 
31: 16,15
32: 33,51,18
33: 34,32,18
34: 33,53,35
35: 20,54,34,36
36: 37,35,20,55,56
37: 36,20,21
38: 23,56,77
39: 23,13,40,24
40: 41,24,39,57
41: 40,57,59,60
42: 61,27,60
43: 27,63
44: 28,45
45: 82,44
46: 48,47
47: 46,65,66,48
48: 29,46,47
49: 50,29,68
50: 49,68,90,69
51: 91,32
52: 
53: 34,73
54: 35
55: 97,56,74,36
56: 55,36,38
57: 23,78,58,40,41,59
58: 78,57
59: 60,57,41
60: 79,59,41,42,80
61: 42
62: 
63: 43,28
64: 
65: 66,47
66: 65,87,47
67: 
68: 90,49,50
69: 90,50,91
70: 116
71: 93
72: 94,117
73: 74,95,53
74: 73,95,96,118,97,55
75: 97,76,98
76: 75,98
77: 78,98,38
78: 77,58,57,122,99
79: 60,100,80
80: 81,102,101,79,60,100
81: 80,102,128
82: 45
83: 
84: 106
85: 
86: 110
87: 66
88: 89
89: 90,88,112,136,113
90: 68,89,69,50,113
91: 69,51,115
92: 115,138,114
93: 71,116,94
94: 141,72,93,116
95: 73,74,118
96: 74,118,97
97: 75,55,98,74,96,118,119
98: 75,97,76,77,122
99: 123,78,122
100: 123,124,79,80,101,125
101: 80,100,125
102: 80,81,125,103
103: 125,126,102,128,127
104: 128
105: 129
106: 84,155
107: 
108: 
109: 110
110: 133,86,109
111: 136
112: 136,89,113
113: 137,114,112,136,89,90
114: 113,138,137,92
115: 92,91,116,141
116: 93,70,115,94
117: 143,142,72
118: 144,74,95,96,97,119
119: 120,169,144,118,97
120: 119,169
121: 147,146,122
122: 121,147,98,78,99
123: 124,100,148,99
124: 123,100,148
125: 126,103,100,102,101
126: 125,103,150,176,149,127,151
127: 152,126,103,128,151
128: 104,81,103,127
129: 152,105,177
130: 177,153,155
131: 
132: 
133: 110,159
134: 135,160
135: 136,134,160
136: 111,112,135,89,113
137: 113,138,114,163
138: 137,114,92
139: 191,246,140
140: 139,165,191,141
141: 94,140,115
142: 117
143: 117,144,168
144: 143,118,168,119,169
145: 146
146: 121,147,145,171,172,200
147: 121,146,122,172,148
148: 123,124,147,173
149: 176,175,126
150: 176,126,151
151: 204,126,150,176,203,127
152: 127,129,204,177
153: 177,130,181,180
154: 180,181,156
155: 130,106
156: 209,181,154
157: 184
158: 184,213,185,159
159: 185,186,158,133
160: 161,134,186,135
161: 187,188,160,186
162: 163
163: 190,164,162,137
164: 163,190,246
165: 191,140,166
166: 167,165
167: 166,193,192,191,219,221,194
168: 195,143,144,169
169: 120,119,144,168,170
170: 171,169
171: 170,146,200
172: 200,147,146,174,173
173: 172,148
174: 201,172
175: 201,149
176: 150,149,202,203,126,151
177: 130,152,129,153
178: 204,205
179: 206,205,234,180
180: 154,179,153,206
181: 153,154,156
182: 209
183: 210,184
184: 158,183,157
185: 159,186,158,213
186: 185,159,161,160
187: 161,188
188: 161,187,189,215
189: 188,190
190: 163,164,189,217,216
191: 139,165,140,219,167,192
192: 167,193,191,219
193: 167,192,219
194: 195,167,221,222
195: 168,194
196: 197,199,224,198,251
197: 196
198: 251,199,196,225
199: 196,198,200,225
200: 172,199,171,146
201: 174,175,227,202
202: 176,203,201,257,230
203: 176,202,230,151,204,232
204: 151,178,203,152,232
205: 179,178,232,260
206: 179,180
207: 208,262,234
208: 207,235,263
209: 182,156
210: 266,183,211,238
211: 238,210
212: 240,214
213: 158,185
214: 240,243,212
215: 242,243,188,216
216: 217,244,215,272,190
217: 216,190
218: 274
219: 220,191,167,193,192,248
220: 274,219
221: 248,167,194,223,222
222: 223,221,194
223: 250,224,222,221
224: 223,250,196,279,251
225: 253,252,199,198,251
226: 254
227: 228,254,229,201
228: 227,229
229: 227,228,255,257,256
230: 257,202,203,231,232,258
231: 232,230
232: 231,203,230,204,205
233: 234,260,261,262
234: 233,179,207,262
235: 208
236: 263,264,292,237,265
237: 294,236
238: 211,210,266,268
239: 298,268
240: 214,243,212,241,269
241: 269,299,240,243,242,270
242: 215,243,241,270
243: 240,214,241,215,242
244: 216,271
245: 273,302,303,332
246: 139,164
247: 
248: 221,306,219
249: 306,250
250: 223,224,249,278,279
251: 279,198,224,196,225
252: 225,281,282
253: 225,282
254: 227,226
255: 229
256: 285,314,229,284
257: 230,229,202,285,258
258: 257,230,285,259
259: 287,317,286,285,258
260: 233,205
261: 233,289,288,290
262: 207,233,234
263: 236,208
264: 236,291
265: 236,292
266: 210,268,238
267: 268
268: 267,266,238,239
269: 241,299,298,240
270: 329,241,299,242
271: 329,301,272,244,273
272: 271,216
273: 245,271,301,302
274: 220,218
275: 333,305
276: 306
277: 305,335,308,307
278: 308,309,250,279,310
279: 251,250,224,278,280
280: 310,279
281: 312,283,282,311,252
282: 283,281,253,252
283: 312,281,282
284: 313,256
285: 314,256,257,258,259
286: 317,259,315,314,344,342,316
287: 259,289,288
288: 289,287,261
289: 318,288,287,261,290
290: 320,261,289
291: 292,321,322,264
292: 291,236,265,293
293: 292,322,381,323
294: 237
295: 324,296
296: 295,354,297
297: 296,298
298: 239,326,325,297,269
299: 241,269,270
300: 358,359,328
301: 271,329,358,273,302
302: 331,303,301,358,273,245
303: 302,245,332
304: 
305: 334,364,335,275,277
306: 248,249,276
307: 308,277,335
308: 278,307,309,277
309: 278,308,336,337,310,338
310: 280,311,278,309
311: 310,338,340,281
312: 283,281
313: 341,284
314: 285,315,256,342,286
315: 314,342,286
316: 404,286
317: 286,259
318: 289,345
319: 347,346,348
320: 290,349
321: 322,291
322: 321,291,350,381,293
323: 352,381,293
324: 383,353,295
325: 326,354,298
326: 325,298
327: 328,386
328: 327,300
329: 271,301,270
330: 331,359,360,389,361
331: 330,302,361,362
332: 333,362,245,303
333: 332,362,275,363,393
334: 305,335
335: 334,394,305,277,307,336
336: 337,366,365,394,335,309
337: 336,366,309,338,368
338: 368,340,309,337,311
339: 368,340
340: 338,339,311
341: 313
342: 343,344,372,315,314,286
343: 344,342
344: 343,342,286
345: 404,318,346
346: 347,319,345
347: 346,319,376,348
348: 379,378,347,319
349: 379,320
350: 322
351: 409,381,410
352: 323,440
353: 412,324,383
354: 325,296
355: 
356: 
357: 388,417,387,386
358: 359,300,301,302
359: 358,300,360,330
360: 359,330,389
361: 390,389,331,330,391
362: 332,333,331,391,363
363: 391,392,421,333,362,393
364: 394,305
365: 336,366,394
366: 336,337,365
367: 397,425,368,426,485
368: 338,339,337,367
369: 370
370: 400,430,369,399,371
371: 430,370,372,402
372: 373,342,374,371,402
373: 372,374,402
374: 373,372,402,403
375: 404,376
376: 347,375,405
377: 406,378,437
378: 379,348,408,377,407
379: 349,378,348,409
380: 410,409
381: 351,322,293,323
382: 411
383: 324,353,412,413
384: 
385: 415
386: 416,387,415,327,357,417
387: 386,357,417
388: 418,357,417,389
389: 390,419,361,418,360,388,330
390: 389,361,449,420,391,450
391: 421,450,363,390,361,362
392: 421,363,393
393: 423,422,333,392,421,363
394: 364,335,423,336,365,395
395: 454,394,423
396: 
397: 367,427,485,398
398: 428,397,427,457,456
399: 370
400: 430,370
401: 402,403,432,430,431,462
402: 401,371,430,373,372,374
403: 432,401,374,463,434
404: 316,375,433,345
405: 434,376,435
406: 377,465,437,436
407: 438,437,378,408,409
408: 378,407,409
409: 351,379,408,407,380
410: 380,351,440,441
411: 382
412: 353,383,413
413: 412,383
414: 502,472,444
415: 385,444,386
416: 386,446,445,417
417: 388,357,416,387,386,446,447
418: 388,447,419,389,449,448
419: 389,418,449
420: 449,390,450
421: 391,392,450,363,422,393
422: 424,423,393,421,452
423: 424,422,393,394,395
424: 423,422,483,454
425: 454,512,455,367
426: 485,455,367
427: 397,485,398,456
428: 398,458
429: 
430: 400,370,371,402,401
431: 460,401
432: 403,401,462
433: 404
434: 405,403
435: 405,493
436: 466,497,495,406,437
437: 407,438,406,377,467,436
438: 407,437,497,467
439: 469,468
440: 410,352
441: 468,410
442: 443
443: 442,472,471
444: 415,502,414
445: 474,446,475,503,502,416
446: 445,416,417
447: 477,418,417,448
448: 449,478,479,418,447,477
449: 448,420,418,390,419,450
450: 391,421,390,449,420,480,451
451: 450
452: 453,481,422
453: 483,452
454: 395,425,424,483
455: 512,425,484,426,486,485,487
456: 489,457,488,427,485,487,398
457: 489,456,398
458: 460,518,428,489
459: 
460: 490,518,458,431
461: 462,491,490,519
462: 461,463,432,401
463: 462,403,464
464: 493,463
465: 494,493,406,523,495
466: 497,436,495,496
467: 497,438,437
468: 439,441
469: 439
470: 528
471: 443,557
472: 443,529,473,414,501
473: 472,501,530
474: 445,503,502
475: 445
476: 
477: 447,505,478,448
478: 479,448,477,506,535
479: 478,448,535,480,507
480: 507,479,450
481: 482,452,509,510
482: 481,510,511
483: 453,424,454,512
484: 513,541,455,514
485: 426,487,455,397,367,427,456
486: 487,455
487: 486,485,455,515,488,456
488: 489,456,487,515,516
489: 457,488,456,517,518,458
490: 460,518,545,461
491: 461
492: 
493: 464,435,465
494: 465,523
495: 466,436,465,523
496: 466,497,498,526
497: 466,467,436,438,496,498
498: 497,496
499: 528
500: 529,557
501: 530,472,529,473
502: 414,444,474,445,503
503: 474,445,502,531
504: 
505: 534,533,506,561,477
506: 505,534,478,563
507: 480,479,509
508: 538,509
509: 538,508,507,481,510
510: 511,538,509,482,481
511: 510,539,482,541,540
512: 541,455,483,425
513: 484,569,514
514: 515,542,484,513
515: 514,487,488
516: 517,488
517: 516,489
518: 490,460,458,489,545
519: 547,461
520: 548,549,550,577
521: 
522: 
523: 551,552,465,494,495
524: 552
525: 553,554
526: 496
527: 555
528: 470,499
529: 500,472,501,530
530: 501,531,529,473
531: 530,559,503,532
532: 561,531,560
533: 505,561
534: 505,506,561,562,589
535: 536,478,479
536: 535,537
537: 536,564,565,563
538: 509,508,566,510,567
539: 511,568,540,569
540: 569,511,539
541: 512,511,484
542: 514,570
543: 601,599,572
544: 
545: 546,574,490,518,547
546: 545
547: 548,519,545
548: 547,520,576
549: 550,520
550: 549,520,578,577,579
551: 523,552,581
552: 523,551,524
553: 582,609,525,554
554: 611,610,525,553
555: 527,556
556: 555
557: 500,471
558: 
559: 531,586
560: 588,586,532,614
561: 532,505,534,533,589
562: 589,534
563: 564,591,506,537
564: 591,565,563,537,592,593
565: 564,537,593
566: 593,594,538
567: 538
568: 595,539
569: 540,513,539,597,570
570: 571,569,597,542
571: 570
572: 573,543
573: 601,572,574,602
574: 545,573
575: 603,602
576: 605,604,548,577
577: 578,632,520,576,605,550
578: 606,577,632,550,633,579
579: 581,580,550,578
580: 581,607,579,661
581: 608,580,607,579,551,609
582: 553
583: 584,638
584: 583
585: 
586: 587,559,560
587: 586,613,639
588: 615,560
589: 562,590,561,534
590: 589,642,616,591
591: 564,563,590,617
592: 618,645,564,593
593: 566,594,564,565,592
594: 593,566,620
595: 568,620,621,622,596,623
596: 597,595,622,624,623
597: 596,569,624,598,570
598: 597
599: 600,601,543,626
600: 601,599
601: 573,600,599,543,602,629
602: 603,575,573,601
603: 575,602,630,629
604: 576,605,657
605: 576,604,631,577,632
606: 578,632,633
607: 608,581,580,661,609
608: 581,607,609
609: 553,608,581,607
610: 554,611,636,637
611: 554,610,637
612: 
613: 639,587,614
614: 640,613,639,615,560
615: 588,614,642
616: 642,668,590,617,644
617: 618,645,644,616,591
618: 592,645,617
619: 647,620,648
620: 594,619,595,621
621: 649,648,622,620,595,623
622: 621,595,596,623
623: 675,595,621,649,622,596
624: 596,597,650
625: 650
626: 599
627: 628
628: 627,654,629
629: 654,630,601,628,603
630: 654,656,629,603,657
631: 605
632: 578,606,577,605,659,633
633: 659,578,606,632
634: 661
635: 661,636,662
636: 662,635,610
637: 611,610,638
638: 637,583
639: 613,587,614
640: 614
641: 666,667
642: 616,615,590
643: 668,669,644
644: 645,617,643,616,668,670
645: 618,592,617,644
646: 647,672
647: 619,646,672,648
648: 621,647,619,673
649: 621,697,675,623,674
650: 625,652,651,624,675
651: 652,650,676,700
652: 651,650,700
653: 702,678,679,677
654: 655,630,656,629,628,679,680
655: 654,656,680
656: 655,654,630,680,658,657,682
657: 658,630,656,604
658: 657,683,656,682
659: 684,633,632,685,660
660: 685,659,686
661: 634,580,607,635,662
662: 636,661,635,663,687
663: 711,687,688,662
664: 688
665: 691,666,667,690
666: 665,667,641
667: 691,666,665,641
668: 643,616,669,644
669: 643,668
670: 671,644
671: 670,694,672
672: 717,671,647,646
673: 696,697,648
674: 699,720,698,649,697,675
675: 623,649,674,650
676: 700,699,651
677: 700,701,724,678,653
678: 702,724,653,677
679: 703,653,654,680
680: 681,679,655,654,656
681: 704,680
682: 705,656,658,683
683: 658,706,705,682,684
684: 659,683
685: 660,659
686: 731,709,660
687: 711,663,731,662
688: 711,663,664
689: 
690: 665
691: 665,667,692,713,712
692: 713,693,691,734,753,712,735
693: 692,735,694
694: 671,695,693,715
695: 694,715,736,717
696: 718,697,673,738,716,739
697: 696,673,649,674,698
698: 720,674,697
699: 720,674,676,700
700: 677,676,699,652,651
701: 722,677,724
702: 678,653
703: 679,745
704: 681
705: 706,682,683,727
706: 705,683,707,728
707: 709,706,708,728
708: 729,728,707,709
709: 707,708,686,730
710: 730,731,732
711: 663,687,688,731
712: 734,753,733,691,692,713
713: 692,691,712
714: 754,753,735
715: 694,695
716: 738,756,717,696,739
717: 672,695,716
718: 696
719: 757,739,740,759,741
720: 699,674,698,721
721: 742,720
722: 723,701
723: 743,722,742,761
724: 678,677,701
725: 745,726
726: 764,746,725,747,727
727: 747,726,705
728: 729,749,708,706,748,707
729: 749,708,728
730: 751,710,709
731: 686,710,711,687
732: 710
733: 753,712
734: 753,712,735,692
735: 734,753,692,693,714
736: 754,695
737: 756
738: 716,696
739: 757,719,716,756,696
740: 757,719,759,741
741: 742,719,740,759,758,760
742: 741,721,760,723
743: 723
744: 
745: 703,725,764
746: 764,726,781,765,747,766
747: 748,727,746,726,766
748: 747,783,766,749,728
749: 729,728,748,783
750: 
751: 730
752: 
753: 734,733,712,735,692,714
754: 714,736,755
755: 771,754
756: 716,737,757,739
757: 719,739,740,756,759
758: 776,760,775,759,741
759: 757,719,740,741,758
760: 758,776,777,741,742
761: 778,723
762: 
763: 
764: 746,726,745,781
765: 746
766: 783,746,748,747
767: 769
768: 
769: 767
770: 
771: 755,772,785
772: 771,785
773: 
774: 
775: 758,789
776: 758,760
777: 760
778: 761,779,790,791
779: 778,792
780: 
781: 764,746
782: 795
783: 766,748,749
784: 
785: 771,772
786: 787
787: 786
788: 789,796
789: 797,788,790,775
790: 789,778,791
791: 799,798,790,778
792: 800,779,799
793: 794
794: 793
795: 782
796: 797,788
797: 789,796
798: 791
799: 791,792
800: 792
801: 