0: 
1: 
2: 
3: 
4: 
5: 18
6: 16
7: 
8: 19,9,21
9: 8,21
10: 11
11: 10
12: 
13: 39,24
14: 
15: 31
16: 6
17: 18
18: 5,17
19: 8
20: 34,36,21
21: 9,8,20
22: 
23: 38
24: 40,39,13
25: 41
26: 
27: 42,43,63
28: 63
29: 49
30: 49
31: 15
32: 33,51,52
33: 32,34
34: 35,20,33
35: 34,36,53,73,54,74
36: 35,20,54,74,56,55
37: 
38: 77,56,23
39: 13,40,24
40: 24,39
41: 25
42: 43,61,27,63,60
43: 42,27,63
44: 
45: 82
46: 
47: 65,66
48: 
49: 30,68,29,50
50: 69,90,49,68
51: 32
52: 32
53: 35,73
54: 74,35,36
55: 75,96,98,36,74,118,56,97
56: 36,55,38
57: 
58: 
59: 
60: 80,42
61: 42
62: 81
63: 42,43,27,28
64: 
65: 66,47,110,134
66: 65,87,47
67: 
68: 49,50
69: 50,90
70: 91
71: 93,94,72
72: 73,71
73: 95,74,72,118,53,35
74: 73,54,118,35,36,96,55
75: 55,98,76
76: 75,98
77: 38
78: 122
79: 99,123,100,80
80: 60,101,79,103
81: 104,62,128
82: 45
83: 
84: 106
85: 
86: 
87: 66,134
88: 89
89: 88,113
90: 50,69,114,113
91: 70,116
92: 115,114
93: 71,94
94: 71,93,116,141
95: 73,118
96: 55,74,118,97
97: 120,119,118,96,55,98
98: 75,55,76,97,121
99: 79,122
100: 123,79,101,125,103
101: 80,100,125,103
102: 128,103
103: 125,100,80,102,101,128
104: 81
105: 129
106: 84
107: 
108: 157
109: 
110: 134,65
111: 135
112: 136,113
113: 136,114,89,112,90
114: 136,113,90,92
115: 92,116
116: 91,115,94
117: 143,142,168
118: 73,95,74,96,55,119,97
119: 120,144,97,118
120: 119,144,97
121: 147,146,122,98
122: 121,147,78,99
123: 124,100,148,79,125
124: 123,148,174,125,149
125: 103,123,124,100,101
126: 127,150
127: 126,128
128: 102,103,127,81
129: 105,177
130: 177,153,181
131: 
132: 
133: 158
134: 110,160,65,87,135
135: 111,134,160,136
136: 137,114,113,112,135
137: 136,138,163,164
138: 137
139: 220,246
140: 191,165
141: 142,94
142: 141,167,117
143: 117,168
144: 120,119,168,169
145: 169,146
146: 121,147,145,171,169,200
147: 121,146,122
148: 123,124,174,173
149: 124,175,174
150: 176,151,126
151: 150,176,204
152: 
153: 179,130,181,180
154: 180
155: 181
156: 
157: 108
158: 213,133
159: 160
160: 134,159,135
161: 162,163
162: 161,163,190
163: 190,164,161,162,137
164: 163,137
165: 140
166: 167
167: 166,142,194
168: 117,143,144,196
169: 170,197,199,171,196,145,144,146
170: 199,171,169
171: 170,169,146,200
172: 200,173
173: 174,172,148
174: 173,124,148,149
175: 201,149
176: 150,202,151
177: 130,129
178: 204,205
179: 205,153,234,180
180: 154,179,153,181
181: 155,130,153,180
182: 
183: 210,184
184: 183,210,212
185: 213
186: 214,187,188
187: 188,186
188: 187,186,215
189: 190
190: 163,162,189,216
191: 140
192: 193
193: 192,219
194: 195,167,221,222
195: 194,224,222,196
196: 197,199,169,168,195,224
197: 199,196,169
198: 252,251,225
199: 170,197,196,169,251,225
200: 172,171,146
201: 175,227
202: 176
203: 232
204: 178,151
205: 179,178,234
206: 207
207: 262,206,233,234
208: 
209: 263
210: 183,184,211,238
211: 238,210
212: 184,213,214
213: 158,212,185
214: 212,186
215: 216,242,188
216: 215,272,190,244,271
217: 218,246
218: 217,271,246,273
219: 193
220: 139
221: 248,194,249
222: 223,195,194
223: 222
224: 195,196,251
225: 199,252,198,251
226: 
227: 228,254,229,201,257
228: 227,255,254,229
229: 227,228,255,254,284,257,256
230: 257,258
231: 258,260
232: 260,203
233: 234,288,289,261,207
234: 233,179,205,207
235: 
236: 265
237: 
238: 211,210,268
239: 298,268
240: 
241: 269,299,270,243
242: 215,329
243: 241
244: 271,216
245: 273,302,303,304
246: 217,218,139
247: 
248: 221,306,249
249: 250,248,221
250: 279,249
251: 252,198,224,279,199,225
252: 198,251,281,225
253: 282
254: 227,228,255,229,282
255: 228,254,229
256: 314,229,284,342,257
257: 230,227,229,256
258: 231,260,287,230
259: 286,317,287,345,289,318
260: 231,232,258,287
261: 289,233
262: 207
263: 209
264: 291
265: 236,292
266: 
267: 268,295
268: 295,267,238,239
269: 241,298
270: 241,329
271: 244,218,272,216,273,301
272: 216,271
273: 301,302,245,271,218
274: 
275: 304,333,277,305
276: 
277: 308,275,305
278: 279,336,310,309
279: 250,278,251,280,310
280: 310,279
281: 311,310,252
282: 253,254
283: 284,312,313
284: 283,229,342,256
285: 
286: 317,259,314
287: 258,260,259,288,289
288: 233,287,289
289: 318,261,287,259,233,288
290: 320
291: 321,264
292: 293,265,294
293: 322,381,292,323
294: 292
295: 268,267,296,354
296: 354,295,297
297: 296
298: 239,269
299: 241,329
300: 359,357,358
301: 273,302,358,271
302: 273,301,245,331
303: 245,332
304: 275,245
305: 334,364,393,275,333,277
306: 308,248
307: 335
308: 277,306
309: 311,310,278,336,338
310: 280,311,281,309,279,278
311: 310,281,309,312,340
312: 311,340,313,283
313: 341,312,283
314: 315,256,342,372,286
315: 314
316: 404
317: 286,259,404
318: 289,259,345
319: 347,320
320: 290,349,319
321: 291,322
322: 293,321,350,351
323: 352,410,293,381
324: 
325: 
326: 
327: 328,386,357
328: 327
329: 299,270,242
330: 359,389
331: 359,302
332: 333,362,303
333: 332,275,363,393,305
334: 364,305,335
335: 336,334,394,307
336: 337,335,278,309,338
337: 336,338
338: 336,337,368,309
339: 397,340
340: 311,339,397,312,369
341: 313
342: 371,284,314,256,372
343: 344
344: 343
345: 404,259,318,346,347
346: 345,347
347: 348,345,346,319
348: 347,377,378
349: 320
350: 351,322
351: 350,381,322
352: 323,410,440
353: 383
354: 296,295
355: 
356: 
357: 359,300,327
358: 359,300,301
359: 360,300,357,358,331,330
360: 359,389
361: 390,389,362,391
362: 332,361,391
363: 392,333,393
364: 334,393,305,394
365: 394,395
366: 368
367: 485,425,368
368: 396,366,338,367
369: 370,397,340
370: 399,369,400,430
371: 342,402,372
372: 373,371,342,402,314,374
373: 372,402,403,374
374: 403,373,372,433,434
375: 
376: 405
377: 406,348,437,378
378: 407,437,348,377,379,408
379: 408,378
380: 
381: 351,293,323,410
382: 411,440
383: 353
384: 413
385: 
386: 415,327
387: 417
388: 418,389
389: 390,361,360,418,388,330
390: 419,361,389,449,391,450
391: 421,390,361,362,450
392: 363
393: 364,305,333,363,423
394: 364,423,365,335,395
395: 425,396,394,423,365
396: 395,368
397: 339,340,369
398: 399,428,427,456,457,458,488
399: 398,370
400: 430,370
401: 431,403,462
402: 430,371,373,372,403
403: 432,374,401,402,373,462
404: 316,433,345,317
405: 433,376
406: 435,377,465
407: 437,378,408,438,409
408: 379,407,378
409: 468,441,407,438
410: 352,323,381
411: 440,470,382
412: 
413: 384
414: 473,502,444
415: 416,386,444
416: 415,417,444,502,445
417: 416,387,446,445,447
418: 388,447,448,389
419: 390
420: 450
421: 391,450,452
422: 424,453
423: 393,394,395
424: 422
425: 395,454,367
426: 455
427: 485,456,398
428: 398,458
429: 
430: 400,402,370
431: 401
432: 403,462
433: 404,374,405
434: 464,374,463
435: 406,493,465
436: 466,495,465,523,437
437: 407,378,377,436
438: 466,467,407,409,497
439: 469,441
440: 411,470,352,382
441: 468,409,439
442: 443
443: 442
444: 414,416,415
445: 474,446,475,502,416,417,447,476
446: 445,417,447
447: 477,476,448,417,446,445,418
448: 447,477,418,478
449: 390
450: 480,390,420,391,421
451: 
452: 483,421,453
453: 422,483,452
454: 512,425
455: 484,426,487
456: 487,485,427,398,488
457: 458,488,398
458: 489,457,488,428,398,518
459: 
460: 518
461: 462
462: 461,463,401,432,403
463: 462,464,434
464: 434,463,493
465: 523,493,406,435,436
466: 495,467,436,438,497
467: 466,438
468: 441,409
469: 439
470: 411,440
471: 
472: 529,501,530
473: 414
474: 445,503,502
475: 445
476: 447,445
477: 447,448,505
478: 479,448,535,506
479: 478,536,480,507
480: 450,479
481: 483,509
482: 511,512
483: 452,481,453,512
484: 455,541,486,514
485: 367,427,456
486: 487,484
487: 486,456,455
488: 489,457,458,456,398
489: 458,488,516,517,518
490: 518,545
491: 
492: 
493: 464,435,465
494: 523,551
495: 466,436,523,551,524,552
496: 497
497: 498,466,438,496
498: 497,527
499: 
500: 557
501: 530,472
502: 503,414,416,474,445
503: 502,530,474
504: 505
505: 561,504,533,477
506: 535,537,478,563
507: 538,508,479,509
508: 538,507
509: 538,507,481,510
510: 511,509,538
511: 510,539,482,512,541
512: 454,483,482,511,541
513: 569,514
514: 515,542,484,569,513
515: 514
516: 489
517: 489
518: 490,460,489,458,545
519: 
520: 521,549
521: 520
522: 550
523: 465,494,551,495,436
524: 552,495
525: 553,554
526: 
527: 498
528: 
529: 472,531,558
530: 501,531,472,503
531: 530,529,558,559
532: 
533: 505,561
534: 561,562,591,589,563
535: 536,537,506,478
536: 535,537,479
537: 536,535,506,564,563
538: 507,508,509,566,510
539: 511,568,540
540: 541,539
541: 540,511,512,484
542: 514,569
543: 571,599
544: 
545: 546,574,490,518
546: 545,547
547: 548,546,575
548: 547
549: 520
550: 522,579,551
551: 581,550,494,523,495
552: 524,581,495
553: 582,609,525,554
554: 583,553,525
555: 
556: 
557: 500
558: 586,529,531
559: 531
560: 588,642,586,614
561: 505,534,533,589
562: 591,589,534
563: 564,534,591,537,506
564: 565,563,537,593
565: 564,593
566: 593,538
567: 568,594
568: 567,595,594,539
569: 513,597,514,542,570
570: 569,597
571: 543
572: 599
573: 599,601,574,602
574: 545,573
575: 602,547,604
576: 605,604,577
577: 578,579,576,605,632
578: 606,577,579,580
579: 578,577,550,580
580: 578,606,579,634
581: 551,552,609
582: 635,553
583: 554,611
584: 
585: 
586: 587,558,560
587: 586,613
588: 560,642
589: 562,642,534,561
590: 591,616
591: 562,590,534,616,563,617
592: 618,617,593,619,647
593: 566,594,619,564,565,592
594: 593,567,568,595
595: 568,594,619,621,620
596: 624
597: 569,598,570
598: 597
599: 600,601,628,543,572,573
600: 599,601,628,629
601: 599,600,573,629,602
602: 603,575,573,601
603: 602,630
604: 576,605,575,657
605: 576,604,658,631,577,632
606: 578,632,580
607: 661,609,608
608: 607
609: 581,607,553
610: 611,636,637
611: 610,583
612: 639
613: 614,587
614: 639,613,560,615,640
615: 641,614,642
616: 668,644,590,591,617
617: 618,592,591,644,616
618: 617,592
619: 593,592,595,620
620: 621,619,648,595
621: 620,595
622: 623
623: 622,624,675
624: 675,623,596,650
625: 
626: 
627: 654
628: 599,600,654,629
629: 654,600,601,628,630
630: 656,629,603
631: 658,605
632: 633,605,606,577
633: 659,632,634,660
634: 660,661,633,580
635: 582,636
636: 662,663,661,635,610,637
637: 636,663,610
638: 
639: 612,614
640: 614
641: 615,667,668
642: 588,560,615,589,668
643: 644,669
644: 668,616,669,643,617,670
645: 671
646: 647,672
647: 648,646,592,671,672
648: 647,717,672,620
649: 697,675
650: 651,624,700
651: 650,676,700
652: 700
653: 654,678,680
654: 627,629,653,628,680
655: 680,656
656: 655,630,657
657: 658,656,604
658: 631,683,657,605,682,684
659: 684,633,683,706,685
660: 634,633
661: 634,607,636,662
662: 636,663,661,687
663: 636,662,687,637
664: 
665: 667,691,666,690
666: 665
667: 665,641
668: 644,616,669,642,641
669: 668,644,692,643
670: 671,644
671: 694,670,645,647,672
672: 717,695,694,671,647,648,646
673: 718,698,697,696,717
674: 720,697,675
675: 624,649,623,697,674
676: 651,700
677: 701,678,724
678: 702,677,653
679: 725,703,680
680: 655,654,653,679
681: 
682: 705,658
683: 658,706,659,684
684: 659,658,683
685: 709,659
686: 731,730
687: 711,731,662,663
688: 
689: 
690: 665,691
691: 665,690,712,713
692: 693,669
693: 692,735,694
694: 671,693,672
695: 672,716
696: 673,717,738,739
697: 698,673,649,675,674,720
698: 718,697,673,719,720
699: 701,700
700: 699,676,652,651,650
701: 677,699,722,724
702: 678
703: 679
704: 
705: 706,682,726,728,727
706: 705,683,659,707
707: 709,706,728,708
708: 707
709: 707,685,730
710: 732
711: 687,731
712: 734,753,733,713,735,691
713: 712,691
714: 736,735,754
715: 
716: 738,695
717: 672,648,673,696
718: 698,673
719: 739,698,741,721
720: 674,698,697
721: 741,742,719
722: 701,723
723: 761,743,722
724: 677,701
725: 679,745,726
726: 705,725,727
727: 728,747,705,726
728: 727,705,707,729,749
729: 749,728
730: 686,731,709
731: 686,730,711,687
732: 710
733: 753,712
734: 712,735
735: 734,712,693,714
736: 714,754
737: 
738: 716,696
739: 757,719,756,696
740: 757,759,741
741: 721,719,740,759,758
742: 721
743: 723
744: 
745: 725
746: 
747: 727,766,748
748: 766,747,749,783
749: 729,728,748,783
750: 
751: 
752: 
753: 733,712
754: 755,736,714
755: 771,754
756: 757,739,759
757: 739,740,756,759
758: 759,775,741
759: 757,740,756,741,758
760: 761
761: 790,723,760,777
762: 779
763: 
764: 781
765: 794
766: 782,748,747
767: 769,783,768
768: 767
769: 767
770: 
771: 755,785
772: 
773: 787
774: 775
775: 774,787,758,789
776: 
777: 761
778: 791,790,779,792
779: 762,778,792
780: 792
781: 764
782: 766,794
783: 767,748,749
784: 
785: 771
786: 796
787: 773,775
788: 796,789
789: 775,788
790: 761,778
791: 799,778
792: 778,780,779,793
793: 792
794: 765,782
795: 
796: 786,788
797: 
798: 
799: 791
800: 
801: 