0: 
1: 
2: 
3: 
4: 
5: 
6: 10
7: 
8: 9,22,27
9: 8
10: 6
11: 40,120
12: 
13: 64,26,44,43
14: 103
15: 
16: 
17: 221,73,75
18: 51,73,36
19: 
20: 68,249
21: 66
22: 8,27
23: 37,53
24: 35,76
25: 
26: 13,64
27: 8,22
28: 
29: 108,133
30: 183
31: 69
32: 34,66
33: 
34: 32
35: 24,76
36: 18
37: 94,23
38: 
39: 62,85
40: 74,11
41: 150,121,77
42: 124,128,100
43: 58,13,61,44
44: 13,43
45: 105,57
46: 
47: 
48: 55,89,51
49: 70,167,138,165,95
50: 186,211,134,109
51: 73,18,48
52: 
53: 94,23
54: 
55: 48,143
56: 96,253,171
57: 45,99,123,172
58: 43,63
59: 97,98,116,77,119
60: 100
61: 43
62: 39,150,78,99
63: 58
64: 13,26
65: 185
66: 21,32
67: 
68: 140,20,138,191,72
69: 31,88
70: 49,138,95,91
71: 
72: 189,167,138,68
73: 51,18,17
74: 40
75: 79,17
76: 24,35
77: 121,116,59,41,146
78: 150,125,146,62
79: 75,93,171
80: 175,81
81: 85,175,80
82: 
83: 131,262
84: 107
85: 175,81,39,105
86: 245,271,270
87: 
88: 69
89: 48
90: 115,142,139,244
91: 70,138,221
92: 192,96,253,145,170
93: 79
94: 37,53
95: 49,70,221,143
96: 56,140,192,92
97: 59,98,117,122,119
98: 97,59,117,116
99: 125,62,57
100: 42,128,60
101: 174
102: 125,225,205
103: 14
104: 294
105: 45,85
106: 
107: 84
108: 29
109: 241,50
110: 242
111: 132,160
112: 
113: 163,135,213
114: 
115: 90,189,244
116: 121,77,59,98
117: 253,171,145,97,98
118: 166,191,193
119: 225,97,59
120: 11
121: 116,77,41
122: 194,169,97
123: 127,57,172,203
124: 42,128,174,150
125: 225,78,99,102
126: 153
127: 123,200,229,203
128: 42,124,100
129: 
130: 
131: 290,379,83,262,209
132: 187,272,111
133: 29
134: 160,211,50
135: 141,163,113
136: 
137: 164
138: 49,70,167,72,91,68
139: 216,276,90,247
140: 68,96
141: 135,163,162
142: 217,90,216
143: 221,55,95
144: 195,254,251,198,341
145: 170,92,117
146: 77,150,78
147: 251,198,194,228,257,255
148: 193,249,248
149: 178,342,316,346
150: 78,41,146,124,62
151: 
152: 261,317,259,233
153: 207,126
154: 180
155: 261,294,204
156: 
157: 267,210
158: 
159: 241,164
160: 134,111,241
161: 
162: 141,163
163: 113,141,135,162
164: 159,327,137
165: 49,167,189
166: 118,247,302,193
167: 49,138,165,189,72
168: 252,254,341,199
169: 194,122,198
170: 145,192,92,224,195
171: 117,253,79,56
172: 177,203,123,57
173: 200,229,202,178,285
174: 101,124
175: 85,81,80
176: 345
177: 172,203,230
178: 149,285,202,286,342,173
179: 436
180: 154
181: 237
182: 
183: 30,242
184: 416,328,215,303
185: 65
186: 50
187: 272,132,325,245
188: 242,210
189: 72,115,167,165
190: 217,218,216,331
191: 244,118,68
192: 92,96,224,249,170
193: 148,166,118
194: 169,122,228,147,198
195: 144,196,224,170
196: 195,254,224,395
197: 371,283,280,340,199
198: 251,147,144,194,169
199: 279,252,168,280,283,197
200: 229,173,127,201
201: 345,200,203
202: 257,286,173,178
203: 172,177,123,127,201
204: 294,155,206
205: 255,102,229
206: 236,204,237
207: 153,230
208: 436
209: 321,131,379,262
210: 157,188
211: 134,50
212: 295
213: 217,327,113
214: 269
215: 274,184,273
216: 139,276,217,190,142
217: 190,213,142,218,216
218: 389,217,190
219: 223,304,248,308
220: 335,390
221: 17,143,95,91
222: 395,308,248
223: 304,219,302,361
224: 192,170,195,196
225: 125,119,102
226: 279,257,286
227: 373,342,316
228: 194,147
229: 200,173,205,255,127
230: 207,177
231: 294
232: 405,374,346
233: 259,261,152,290
234: 
235: 291,372
236: 206,380
237: 181,206
238: 296
239: 385,298,268,296,295
240: 
241: 109,327,160,159
242: 188,110,183
243: 326,389,334
244: 191,90,115,247
245: 86,187,272
246: 336,364,304,308,307
247: 166,139,244
248: 148,219,395,222,308
249: 20,148,192
250: 252,280,423
251: 147,198,341,144,257
252: 168,250,280,199
253: 117,171,56,92
254: 144,196,395,168
255: 147,205,229
256: 259,260,317
257: 202,251,147,226,286
258: 285,345
259: 256,317,152,233
260: 256,372
261: 152,233,155
262: 380,83,131,209
263: 352,264,407
264: 407,263,408
265: 
800: 759
267: 157
268: 295,239
269: 214
270: 86
271: 357,86,386
272: 187,132,245
273: 215,274
274: 328,215,273
275: 333,364,424
276: 139,216,335,331
277: 392,511,363,394
278: 307,337,423
279: 199,226,283
280: 340,423,252,250,199,197
281: 338,337,366,369
282: 461,459,401
283: 197,279,199
284: 490,431,370,373
285: 178,173,258
286: 342,226,257,202,178
287: 352,321
288: 465,347,292
289: 435,522,524
290: 131,379,233
291: 372,405,235,400
292: 288
293: 382
294: 204,231,104,155
295: 299,212,268,239
296: 238,298,239
297: 383
298: 385,239,296
299: 295,325
300: 448,359,301
301: 387,330,300,359
302: 361,335,166,223
303: 184,416,387
304: 223,219,246,308
305: 390,477,333
306: 449,420,510,451,391
307: 278,336,246
308: 222,304,219,246,248
309: 425,368,369
310: 369,312,430
311: 461,370,312,457,490
312: 430,457,310,370,311
313: 460,343,315,374,403
314: 343,490,459,396
315: 316,346,373,343,313
316: 315,346,342,227,149
317: 259,256,152
318: 
319: 465,404,400,320
320: 404,319
321: 209,287
322: 
323: 
324: 472
325: 299,187
326: 243,334,360,477,332
327: 241,164,213
328: 274,184
329: 478,418,507,565,422
330: 387,358,301
331: 334,190,276
332: 419,420,326,448,477
333: 451,275,305
334: 331,326,243,360
335: 276,302,220
336: 246,307
337: 366,278,281
338: 281,340,367
801: 796,792
340: 280,338,371,197,367
341: 251,144,168
342: 286,227,178,149,316
343: 460,314,313,315
344: 403,405,374,400
345: 201,176,258
346: 316,315,149,232,374
347: 522,464,288,465
348: 555
349: 551,437,525
350: 382
351: 408,496,468
352: 287,263
353: 
354: 356,443
355: 
356: 354
357: 271,385
358: 473,330
359: 448,300,301,478
360: 477,326,334
361: 302,390,364,223
362: 446,541,450,596,483
363: 449,277
364: 390,361,275,246
365: 366,425,426
366: 337,425,365,281
367: 431,340,338,371
368: 485,455,452,309
369: 310,309,281
370: 431,312,284,490,311
371: 197,340,367,431
372: 291,260,405,235
373: 227,284,315
374: 232,346,313,403,344
375: 464,376
376: 399,375
377: 433,406,523
378: 380
379: 290,131,209
380: 262,236,378
381: 580,523,581
382: 350,293
383: 297
384: 
385: 298,239,357
386: 271,416
387: 416,301,303,330
388: 560,529,447
389: 218,243
390: 305,364,220,361
391: 451,449,306,424,393
392: 511,277,453,541,624
393: 394,391,424
394: 393,511,277,452,426
395: 222,248,254,196
396: 398,459,460,314,432
397: 458,454,455,489,482
398: 459,396,401,432,515
399: 403,376,460,432
400: 344,291,319
401: 282,398,515
402: 463,552
403: 344,399,460,313,374
404: 465,319,320
405: 232,344,291,372
406: 463,377,433
407: 264,263
408: 351,264
409: 438,435,524
410: 
411: 
412: 639,666,613,417
413: 415,471
414: 613,415,560,417
415: 560,413,471,414
416: 387,386,184,303
417: 414,412
418: 329,478,419,422
419: 420,332,448,418
420: 419,332,510,306
421: 530,507
422: 510,329,418,565,479
423: 280,278,250
424: 451,275,391,393
425: 366,365,309,426
426: 452,365,394,425
427: 517,598,489,575
428: 575,545,429,457,488
429: 428,575,571,488,573
430: 312,484,310,545
431: 367,370,371,284
432: 492,515,398,396,399
433: 377,463,406,525,523
434: 709,606,684
435: 289,522,524,409
436: 208,179
437: 518,659,349,550
438: 409
439: 470,497
440: 
441: 688
442: 
443: 500,354
444: 529,476
445: 560,475
446: 541,362,479,450
447: 388,473
448: 300,359,419,332
449: 306,363,510,391
450: 479,540,446,362
451: 333,391,306,424
452: 426,394,511,485,368
453: 392,624,485,455,516,508
454: 397,458,489,575,545
455: 485,368,453,516,397,482
456: 489,482
457: 312,428,311,461,488
458: 397,454,484,545
459: 398,396,461,282,314
460: 343,313,396,403,399
461: 311,282,457,459
462: 657,549,602,574
463: 406,402,551,433
464: 375,465,347,522
465: 288,404,319,464,347
466: 578,584
467: 497
468: 496,351
469: 554,494,527
470: 439
471: 415,413
472: 324
473: 447,358
474: 557,613,639
475: 620,533,445,501
476: 444
477: 360,326,332,305
478: 329,418,359,507
479: 450,422,446
480: 561,531,594,567,669
481: 568,569,673,542
482: 456,455,516,397
483: 540,509,362
484: 458,430,545
485: 455,368,511,453,452
486: 656,512,539,600,543,514
487: 595,594,567,649,648
488: 571,457,428,429
489: 456,397,454,575,427
490: 284,370,311,314
491: 519,552,577,551
492: 432,515
493: 571,552
494: 581,635,469,554
495: 555
496: 468,351
497: 467,439
498: 
499: 637,556,611
500: 443
501: 620,475
502: 
503: 666
504: 594,564
505: 506
506: 505,540,564
507: 421,530,329,478
508: 516,453,624
509: 540,564,595,483
510: 422,420,449,306
511: 392,277,394,452,485
512: 539,486
513: 591,645,690,695,536,562
514: 570,656,486
515: 492,432,398,401
516: 508,453,455,482
517: 427,598,544,603
518: 579,659,437
519: 552,547,491,577
520: 521,603,577,574
521: 604,603,520,627,574
522: 435,347,289,464
523: 525,377,433,381,581
524: 580,435,289,409
525: 607,523,349,433
526: 632,635,605,608
527: 580,469
528: 
529: 444,388
530: 421,533,507
531: 563,641,480
532: 643,620,563
533: 620,475,530
534: 589,616
535: 649,569
536: 593,695,592,513,562
537: 735
538: 624,596,569
539: 512,542,600,486
540: 509,564,506,450,483
541: 446,362,596,392
542: 539,481,673,600
543: 600,676,486
544: 628,517,598,604
545: 428,484,458,454,430
546: 652,655,629
547: 519,573
548: 682,705,709
549: 657,462,652,602,679,705
550: 610,659,437
551: 349,491,463
552: 519,491,493,402
553: 
554: 469,494,635,578
555: 348,495
556: 499,582
557: 474
558: 612
559: 587
560: 415,388,414,445
561: 480,641,691,669
562: 696,513,536,672
563: 531,532
564: 540,509,506,595,504
565: 329,422
566: 593,621,592,648,623
567: 669,480,487,594
568: 481,569
569: 481,568,535,538
570: 514,654
571: 488,429,493
572: 656,598
573: 429,603,547
574: 577,521,520,462
575: 428,429,454,489,427
576: 706,728
577: 574,520,519,491
578: 466,554,584
579: 518,659,606
580: 524,381,527
581: 494,635,607,523,381
582: 608,663,556
583: 
584: 466,578
585: 
586: 
587: 559
588: 612
589: 641,534,616,617
590: 715,735,591,690
591: 645,513,690,590,715,618
592: 695,593,536,566
593: 647,621,536,566,592
594: 595,504,487,480,567
595: 487,594,509,564,649
596: 541,362,538,624
597: 739,653,699,722
598: 427,517,572,628,544
599: 654,744,702,678
600: 543,539,542,486
601: 622,676,675,699
602: 627,652,549,462
603: 521,604,520,517,573
604: 521,603,544,655
605: 633,636,686,526
606: 434,657,579
607: 525,581,632
608: 582,635,526,663
609: 710,729,708,703
610: 550,686,632
611: 499
612: 588,558,666
613: 414,474,639,412
614: 694,716,670
615: 667
616: 667,589,534,617
617: 616,589
618: 718,591,645
619: 695,735,691,669
620: 533,475,501,532
621: 593,647,566,623,646
622: 601,676,699,701
623: 648,621,566
624: 538,596,392,453,508
625: 721,701
626: 673,676
627: 652,602,655,521
628: 544,656,598,680
629: 654,546
630: 700,726
631: 727,661,700,707
632: 526,607,610,635
633: 636,605,663
634: 660
635: 494,581,526,632,554,608
636: 633,605,686,660
637: 499
638: 
639: 412,666,474,613
640: 
641: 589,531,561
642: 670
643: 532
644: 
645: 591,513,718,618
646: 675,621
647: 593,621,696,653
648: 623,487,566
649: 535,595,487
650: 755,672,696,739,674
651: 698,697,789
652: 627,602,546,723,549,679
653: 675,647,696,597,739
654: 599,570,629
655: 627,546,680,604
656: 572,486,514,628
657: 549,462,705,606
658: 782,784
659: 579,518,437,550
660: 685,634,636
661: 727,631
662: 
663: 633,608,582
664: 
665: 
666: 639,412,612,503
667: 615,616
668: 716
669: 567,561,480,691,619
670: 642,756,614
671: 712
672: 755,650,696,562
673: 481,542,626
674: 650,739,722
675: 646,653,601
676: 601,622,626,543
677: 702,678
678: 677,702,701,599
679: 705,652,723,683,549
680: 628,655
681: 743,747,704,730
682: 548,727
683: 723,679,728
684: 709,434
685: 660,708
686: 610,636,605
687: 
688: 441
689: 753
690: 591,513,735,590,695
691: 735,561,669,619
692: 718,737
693: 753
694: 614,716
695: 619,592,513,690,536
696: 562,647,672,650,653,739
697: 651,698
698: 651,697,720,757,742
699: 721,722,597,601,622
700: 706,630,631
701: 622,625,678
702: 677,678,599,744,743
703: 710,609
704: 765,724,681,780
705: 679,657,549,548
706: 728,700,576,793
707: 726,784,631
708: 685,609
709: 434,548,684
710: 729,731,609,703
711: 
712: 717,671
713: 
714: 
715: 590,591
716: 734,668,694,614
717: 712,770
718: 618,645,692
719: 755,738
720: 738,698,757
721: 699,722,625
722: 721,699,597,739,674
723: 683,652,679
724: 704,765,762,789,779
725: 730,780,763
726: 707,630
727: 631,661,682
728: 706,576,683
729: 710,609
730: 725,793,780,681
731: 710
732: 
733: 
734: 716
735: 691,537,590,619,690
736: 770
737: 774,770,692
738: 719,720
739: 597,696,650,653,674,722
740: 772,786
741: 781,761
742: 757,698,760
743: 747,681,702
744: 599,702
745: 760,781
746: 765,762,780
747: 743,681,793
748: 
749: 794
750: 
751: 767
752: 
753: 693
754: 
755: 672,650,719
756: 670
757: 742,758,720,698
758: 757,777
759: 800,776,777
760: 745,742
761: 781,762,741
762: 765,724,779,746,761
763: 725,766
764: 794
765: 704,724,762,746,780
766: 763
767: 769,768,751
768: 769,767
769: 767,768
770: 717,736,737
771: 
772: 786,740
773: 797,775
774: 737,797
775: 773
776: 777,759
777: 776,758,759
778: 
779: 789,724,762
780: 730,725,704,765,746
781: 745,761,741
782: 658
783: 799
784: 707,658
785: 
786: 772,740
787: 788
788: 787
789: 779,651,724
790: 792
791: 
792: 790,796,801
793: 730,747,706
794: 764,795,749
795: 794
796: 801,792
797: 774,773
798: 
799: 783