0: 
1: 
2: 
3: 
4: 
5: 
6: 10
7: 
8: 37,24,22
9: 38,37
10: 6
11: 27,13
12: 
13: 11
14: 42,128
15: 
16: 
17: 51,75,73
18: 73,36,38
19: 
20: 92,118,96,224,192
21: 55
22: 27,8,24
23: 94,37,53
24: 35,8,22
25: 
26: 64,44
27: 22,11
28: 
29: 133
30: 110
31: 71
32: 54
33: 
34: 66
35: 24
36: 38,18
37: 94,9,8,23
38: 94,9,36,18
39: 150,62,85
40: 61
41: 101
42: 14,124,103
43: 80,63,61
44: 26
45: 
46: 67
47: 
48: 112
49: 52,95
50: 160,211
51: 221,75,55,17
52: 55,49,95
53: 23
54: 32
55: 52,21,51
56: 140,171,93
57: 62,99,123,172,127
58: 
59: 121,116
60: 103,63
61: 40,43
62: 57,39,150,105,172
63: 80,43,60
64: 26
65: 
66: 34
67: 46,161
68: 118,91,72,115,166
69: 88
70: 138,95,167,72
71: 31,89
72: 167,138,70,68,91
73: 18,79,17,75
74: 101,120
75: 51,221,17,73,140
76: 93
77: 121,174,124
78: 146,150,99
79: 73
80: 43,63
81: 100,175
82: 106
83: 155,204,290,379
84: 
85: 175,105,128,39,100
86: 187,325
87: 
88: 69,189
89: 112,71
90: 167,142,244,191
91: 68,96,72
92: 20,96,253,145
93: 76,116,56,117
94: 38,37,23
95: 138,70,49,52
96: 91,20,92
97: 198,228,251,225
98: 194,119,116
99: 57,125,78,150,123
100: 81,128,175,85
101: 41,174,74
102: 205,203,127
103: 42,60
104: 152,154,180,294
105: 85,62,172
106: 82
107: 
108: 185
109: 
110: 30,242
111: 211
112: 89,161,48
113: 163,134,327
114: 
115: 191,68,166,193
116: 93,117,59,98
117: 93,116
118: 68,166,20,192
119: 98,146
120: 74
121: 59,174,77
122: 145,253,194,198
123: 205,57,99
124: 77,42
125: 146,99
126: 127,230
127: 126,57,102
128: 14,100,85
129: 
130: 181,182
131: 380,262,209,379
132: 242
133: 29
134: 186,113
135: 186
136: 211
137: 159,241,389
138: 70,95,72,143
139: 244,276,213,216,190
140: 56,221,75,171
141: 142,189,162,216
142: 141,165,90
143: 138,221
144: 254,170,169,251
145: 122,92,224,253,170
146: 125,78,119
147: 228,199,226,229,255
148: 224,192,170,169,195
149: 316,178,346,345
150: 39,78,62,99
151: 181,156
152: 104,180,204,294
153: 230,180
154: 180,104
155: 83,204
156: 151
157: 158,267,212
158: 157,267
159: 241,327,137,164
160: 50,211
161: 67,112
162: 163,141,189
163: 162,113,327,164,216
164: 213,159,327,163
165: 142,167
166: 193,115,118,68
167: 72,90,165,70
168: 280,252,227,341
169: 254,144,170,195,148,196
170: 144,169,148,224,145
171: 140,56
172: 62,57,105
173: 205,229,200
174: 121,101,77
175: 85,100,81
176: 177,201,256
177: 201,176,285,203
178: 149,202,285,345
179: 
180: 154,153,104,152
181: 130,151
182: 130
183: 240
184: 386,215
185: 108
186: 134,135
187: 86,272
188: 210
189: 141,88,162
190: 213,217,276,139,331
191: 247,115,90,193
192: 148,224,118,20
193: 166,191,115,249
194: 98,122
195: 169,148,250,196
196: 252,254,169,195,199,341
197: 279,227,283,286
198: 97,122,251
199: 251,147,254,196,279,341
200: 203,202,226,229,173
201: 177,176,285,372,256
202: 200,226,255,257,178
203: 200,205,102,177,285
204: 231,290,152,155,83
205: 123,173,102,203
206: 237,236
207: 256,261,231
208: 209,233
209: 208,379,380,131
210: 188
211: 136,111,50,160
212: 157,268
213: 164,216,190,217,139
214: 442
215: 273,300,270,184
216: 213,163,141,139
217: 213,190
218: 274,390
219: 308,249,248
220: 331,390,276,302,361
221: 51,75,143,140
222: 248,395,308,307,278
223: 308,249,302,304
224: 148,192,20,145,170
225: 97,228,229
226: 229,255,147,200,202
227: 279,197,341,168,283
228: 147,97,225,229
229: 226,228,147,225,173,200
230: 153,126
231: 204,290,207,261
232: 317,259,260,291
233: 235,320,290,208
234: 382
235: 233,320,261,290
236: 237,206
237: 294,236,206
238: 383,384,442,385
239: 385
240: 183
241: 159,137,245
242: 132,110
243: 328,274,326,332
244: 276,139,90,247
245: 272,270,241
246: 304,364,275,307,424
247: 191,244,302
248: 395,222,250,219,308
249: 308,223,193,219
250: 248,395,195,252,337
251: 199,144,97,198
252: 196,337,250,168,341
253: 92,122,145
254: 144,169,196,199
255: 226,147,202
256: 207,201,176,372,317
257: 342,202,316
258: 346,374,260
259: 317,232,291,320
260: 345,372,258,232
261: 317,207,231,235,320
262: 379,131
263: 408,321,287,352
264: 265,470
265: 264
800: 801
267: 158,157
268: 295,212
269: 
270: 245,389,215
271: 299
272: 245,187
273: 300,328,215,389
274: 218,389,328,243
275: 365,393,246
276: 244,139,190,220,331
277: 363,446,362,391,451
278: 307,395,222,337,423
279: 227,197,341,199
280: 423,168,338,371
281: 309,366,425,368,310
282: 401
283: 371,284,227,197
284: 283,373,312
285: 177,201,203,178,345
286: 373,315,197,342
287: 321,263,352
288: 404,376,464,435
289: 409,464,496,524
290: 204,231,235,233,83
291: 319,400,259,232
292: 407,435,436,347
293: 
294: 237,104,152
295: 268,325
296: 
297: 442
298: 385
299: 386,271
300: 273,215,301,303
301: 303,300,326
302: 361,220,247,223
303: 301,416,300
304: 246,305,364,223
305: 364,361,304
306: 420,333,393
307: 278,424,246,222
308: 249,223,219,248,222
309: 338,366,281,310,367,340
310: 545,309,281,367,369
311: 459,430,429
312: 370,490,284,431
313: 346,374,314,315,343
314: 373,315,490,313,343
315: 373,286,314,342,316,313,346
316: 149,257,315,346
317: 261,259,232,372,256
318: 
319: 291,400,404
320: 235,233,261,259
321: 287,408,263
322: 382
323: 
324: 
325: 295,86
326: 448,332,328,301,243
327: 159,113,163,164
328: 273,274,243,326
329: 448,359,510
330: 358,448
331: 220,390,190,276
332: 359,326,243,334,360
333: 364,306
334: 335,332,477,360
335: 334,390,361
336: 425,365,394
337: 252,395,250,278
338: 309,366,423,280
801: 800,777
340: 367,309,371
341: 279,227,252,196,168,199
342: 257,286,315
343: 460,314,490,396,313,398
344: 432,492,403
345: 372,260,149,178,285
346: 313,374,315,316,149,258
347: 438,409,351,292
348: 466,553,527
349: 551,437,433,406,525
350: 
351: 438,347,408,468
352: 287,263
353: 416
354: 443
355: 356
356: 355,443,413,415
357: 385
358: 387,530,330
359: 448,332,329,360
360: 477,419,359,332,334
361: 302,220,390,335,305
362: 422,538,363,277
363: 277,446,565,422,362
364: 305,333,304,246
365: 275,394,336
366: 309,338,281,425,423
367: 340,431,309,310,369
368: 426,425,281
369: 430,545,310,367,431,370
370: 312,431,369,430,459
371: 283,280,340
372: 345,260,201,256,317
373: 286,314,315,284,490
374: 313,346,405,258
375: 376,464,492,522,377
376: 375,464,465,288
377: 523,522,406,375
378: 
379: 209,262,83,131
380: 131,209
381: 496,524,466
382: 234,322
383: 238,384
384: 383,238,442
385: 298,238,239,357
386: 299,184
387: 476,447,358,530
388: 447,414,529
389: 270,137,273,274
390: 220,331,218,335,361
391: 451,452,277,511
392: 541,511,624,482
393: 275,306,451
394: 452,365,336
395: 248,222,250,278,337
396: 490,343,398
397: 454,484,575,458
398: 399,396,460,343
399: 398,515,432
400: 291,319,405
401: 515,493,461,282
402: 433,463,552,515,493
403: 460,344
404: 465,319,436,288
405: 374,400
406: 523,377,433,349,525
407: 436,292
408: 263,351,321
409: 289,435,524,347
410: 
411: 
412: 501,414,445
413: 443,356,471
414: 415,529,412,388,445
415: 414,529,356
416: 476,353,303
417: 503,643,666,560
418: 479,478,421
419: 477,360,510,449
420: 306,446
421: 530,418,507
422: 538,362,565,509,363
423: 280,278,338,366
424: 307,246
425: 336,426,368,366,281
426: 368,425,455
427: 573,575,544
428: 575,458,573
429: 457,430,311
430: 457,369,429,370,311
431: 367,369,370,312
432: 344,399
433: 402,552,551,349,406
434: 579,437,550
435: 436,409,288,292
436: 435,404,407,292
437: 551,349,434,607
438: 347,351,469
439: 
440: 
441: 
442: 297,214,238,384
443: 413,356,354
444: 
445: 473,414,412
446: 363,277,449,420
447: 388,473,387
448: 359,326,329,330
449: 510,419,446
450: 479,540,483,509
451: 391,277,393
452: 391,394,511
453: 516,482,624,481,568
454: 397,484,489,455
455: 489,485,426,454,484
456: 516,598
457: 430,429,545,458
458: 428,575,397,457
459: 311,370
460: 343,398,403
461: 401,488,571,547
462: 520,574,606
463: 402,515,492
464: 375,376,522,289,288
465: 404,376
466: 578,584,381,348
467: 
468: 351
469: 438,527
470: 264
471: 413
472: 
473: 445,447,530,505
474: 
475: 533,560,643
476: 416,387
477: 360,419,334
478: 418,479
479: 418,478,506,450
480: 563,532,620,531
481: 624,508,568,453
482: 516,453,392,485
483: 540,509,450
484: 454,397,455,545
485: 489,455,482
486: 512,626,514,572,598
487: 569,595,621,649
488: 571,461
489: 455,485,454
490: 312,396,373,314,343
491: 577,547,518,552,551
492: 344,463,375
493: 515,401,547,402,552
494: 525,523,580,581
495: 555
496: 381,580,524,289
497: 
498: 663,637
499: 637,556
500: 502
501: 412,613
502: 500
503: 417,643,666,641
504: 564,563,648,595
505: 473,533,507
506: 507,533,479,540
507: 506,421,505,533
508: 624,481,596,569
509: 483,450,422
510: 449,329,419
511: 541,392,391,452
512: 626,486,568,516,542
513: 618,619,695
514: 486,600,656
515: 401,493,399,402,463
516: 482,453,512,456,598
517: 627
518: 577,491,520
519: 577,571
520: 462,574,577,518
521: 627,546,574,602
522: 523,377,375,464
523: 522,406,377,525,494,580
524: 381,496,289,409
525: 607,494,349,523,406,581
526: 635,578,608
527: 553,348,469
528: 
529: 415,414,388
530: 421,387,473,358
531: 561,620,480
532: 480,533,620
533: 475,505,507,506,532
534: 667,641
535: 569,595,564,596
536: 562,593,592,695,566
537: 691,669,619,690
538: 422,362,541
539: 568,649,542
540: 483,506,450
541: 511,392,538,624
542: 675,539,512,626
543: 675,673,676,601,570
544: 603,604,427
545: 310,484,457,369
546: 521,652,602
547: 577,491,571,493,461,552
548: 549,659,606,579
549: 548,705,684
550: 610,579,434,659
551: 349,437,491,433,552
552: 433,402,493,491,547,551
553: 527,348
554: 581,578
555: 495
556: 499,637,663
557: 585
558: 615,640
559: 590,616,587,617
560: 417,643,475
561: 531,567,669
562: 536,593,695,650
563: 480,504
564: 504,535
565: 363,422
566: 621,594,592,536,593
567: 561,594,648
568: 539,481,453,512
569: 535,487,596,508
570: 600,543,676,680
571: 488,461,547,519
572: 598,486,604
573: 427,428
574: 462,520,521,602
575: 428,458,397,427
576: 679,705,683,706
577: 491,547,518,519,520
578: 584,466,554,526
579: 434,548,659,606,550
580: 496,523,494
581: 554,525,607,494,632
582: 584
583: 750
584: 578,466,582
585: 557
586: 
587: 559,616
588: 639
589: 590,616,691,735
590: 589,559,616,642,617,735
591: 735,715,619,618
592: 690,695,594,566,536
593: 536,562,621,566,646
594: 567,592,690,566
595: 535,487,504
596: 535,569,508
597: 647,653,673,601
598: 572,516,486,456
599: 629,654,701,678,702
600: 570,514,656
601: 676,597,653,543
602: 652,657,521,546,574
603: 604,544,656,628,627
604: 603,544,572
605: 635,610,636,686
606: 548,462,579
607: 525,437,632,581
608: 635,526
609: 710
610: 550,636,605
611: 
612: 
613: 666,639,501
614: 668,617,716
615: 558,666
616: 589,590,559,587,667
617: 642,614,590,559
618: 513,591,715,619
619: 537,591,513,618
620: 641,480,532,531
621: 566,487,593
622: 677,678,651,701,625
623: 649,673,646
624: 481,508,541,392,453
625: 701,676,622
626: 512,486,675,542
627: 521,517,603
628: 656,603
629: 599,702,723,747,744
630: 707,700,766,658
631: 706,727
632: 607,581
633: 685
634: 709
635: 605,526,686,608
636: 709,610,605,686,685
637: 499,556,498
638: 752,687
639: 588,613
640: 665,558
641: 534,503,620
642: 617,590,735,670
643: 417,503,560,475
644: 714,712
645: 650
646: 647,593,623
647: 597,646,653,696
648: 567,504
649: 623,487,539
650: 645,562
651: 622,721,698,789
652: 602,657,546,679
653: 647,597,601,699
654: 599,680,655
655: 723,654
656: 628,514,600,603
657: 652,602,679
658: 630
659: 548,579,550,709
660: 686,685
661: 731,703,711
662: 
663: 556,498
664: 
665: 640
666: 613,615,417,503
667: 534,616
668: 614
669: 537,691,561
670: 735,715,642
671: 718,717,756
672: 719,718,692
673: 623,597,675,543
674: 696,722
675: 543,542,673,626
676: 601,543,570,701,625
677: 622,678,789,702,724
678: 677,622,701,599,702
679: 705,576,652,657
680: 701,570,654
681: 747,728,793,730,700
682: 684,705,727
683: 576,728,744,706
684: 682,705,549
685: 660,636,633
686: 660,636,635,605
687: 638,752
688: 
689: 
690: 592,537,594
691: 537,669,589,735
692: 737,736,672
693: 753
694: 716
695: 592,513,536,562
696: 739,674,647
697: 722,739,738
698: 720,651
699: 653,739
700: 706,681,630
701: 680,625,676,622,678,599
702: 743,724,677,678,599,629
703: 731,767,661
704: 743,724,765,730
705: 679,576,549,682,684
706: 631,700,728,576,683
707: 630,793,725,766
708: 710,729
709: 636,659,634
710: 729,708,609
711: 661
712: 644
713: 
714: 644
715: 591,670,756,618
716: 694,614
717: 756,671
718: 671,672
719: 672,755
720: 738,721,698
721: 720,651
722: 697,739,674
723: 655,629,744
724: 702,743,677,789,704
725: 793,780,707
726: 731
727: 631,682,729
728: 681,747,744,683,706
729: 710,727,708
730: 793,743,704,681,747
731: 703,726,661
732: 
733: 772,775,774,773
734: 
735: 591,670,589,590,642,691
736: 737,692
737: 692,736,770,775
738: 720,697,757
739: 696,697,722,699
740: 787
741: 745
742: 779,760,761,745
743: 702,724,704,747,730
744: 747,728,629,723,683
745: 741,742,761
746: 780
747: 681,728,744,629,743,730
748: 
749: 
750: 583
751: 768
752: 638,687
753: 693
754: 786
755: 719,797
756: 717,715,671
757: 758,797,738
758: 757,777
759: 798,776
760: 742,779,762,761
761: 763,742,760,745
762: 789,760
763: 765,761
764: 
765: 763,704,780
766: 707,630
767: 703
768: 751,769
769: 768
770: 737
771: 
772: 733
773: 797,733
774: 775,733
775: 774,737,733
776: 759
777: 758,801
778: 
779: 742,760
780: 746,765,725
781: 790,791
782: 
783: 
784: 
785: 
786: 754
787: 740
788: 
789: 762,677,651,724
790: 781,796,792
791: 781
792: 790
793: 730,725,681,707
794: 795,799
795: 794
796: 790
797: 773,755,757
798: 759
799: 794