0: 
1: 
2: 
3: 
4: 
5: 112
6: 48
7: 10
8: 36,38,21
9: 11
10: 7
11: 9
12: 
13: 
14: 58
15: 67
16: 
17: 18,103
18: 17,221
19: 
20: 138,68,247,304,166
21: 36,8
22: 
23: 93,116
24: 100,42
25: 
26: 44
27: 
28: 
29: 
30: 183
31: 
32: 38
33: 
34: 133
35: 60,100
36: 8,21
37: 89
38: 32,8
39: 124,150,62,125
40: 43
41: 122,97,119,194,123,59
42: 24
43: 40
44: 58,26
45: 175
46: 
47: 
48: 6,133,52,71
49: 142,162,163
50: 213,113,327,186
51: 95,91
52: 133,48,71
53: 
54: 114
55: 143,79
56: 165,90,72
57: 62,125,126
58: 14,44
59: 123,77,41,97
60: 35,93,94,100
61: 
62: 57,125,39
63: 81
64: 
65: 185
66: 71
67: 15
68: 138,20,72,253,192
69: 
70: 244,161
71: 66,133,52,48
72: 96,253,56,68
73: 98,92,116,170
74: 
75: 79,140,171
76: 121,174,124
77: 146,59
78: 99,146,178
79: 75,55,140
80: 
81: 63
82: 155,207,231
83: 179,233,209,290
84: 
85: 
86: 241,271,111
87: 108
88: 161
89: 37
90: 191,167,217,165,56
91: 143,51
92: 98,73,171,170
93: 23,60
94: 103,60
95: 51
96: 72,253,140
97: 41,122,170,225,59
98: 73,92,116
99: 78,178,172
100: 24,35,60,101
101: 174,100
102: 229,198,257,228,255
103: 17,94
104: 322
105: 207
106: 
107: 
108: 87
109: 190,164
110: 
111: 270,86,134
112: 5
113: 50,186
114: 54
115: 335,139,218,276
116: 98,73,23
117: 224,171
118: 304,222,248
119: 41,122,169,194
120: 
121: 76,225
122: 41,97,119,169,170
123: 59,41,194
124: 150,39,76,128
125: 57,62,150,39
126: 57,172
127: 316,346,173,200
128: 174,124
129: 
130: 151
131: 317
132: 134
133: 34,52,48,71
134: 132,111
135: 211
136: 
137: 389,331
138: 20,68,304,192,193
139: 335,115,334
140: 96,75,79
141: 
142: 49
143: 91,55
144: 145,251,249
145: 195,144
146: 77,78
147: 252,205,195,168,342
148: 193,248,196
149: 315,341,258,201
150: 124,39,125
151: 130,236
152: 180,317,262,176,320,345
153: 175
154: 177
155: 261,82,180
156: 236
157: 
158: 185
159: 271,385,416
160: 270
161: 88,70
162: 49
163: 217,49
164: 190,334,109
165: 56,90
166: 304,222,247,223,20
167: 191,90,217,276
168: 395,195,196,147
169: 249,122,119
170: 73,92,122,97
171: 117,224,75,92
172: 99,126
173: 127,200,372,176
174: 101,76,128
175: 153,45
176: 372,173,200,152
177: 154,204
178: 255,99,78
179: 83,233
180: 317,152,155
181: 380
182: 
183: 30
184: 387,529,273
185: 65,158
186: 213,50,113
187: 267,296,325,212,245
188: 267,239
189: 218
190: 164,389,109
191: 167,90,247
192: 251,253,138,68,224,193
193: 148,138,192,251
194: 198,41,119,123
195: 145,168,147
196: 148,168
197: 312,369,340,281
198: 194,102,228
199: 254,308,340,280,369
200: 127,173,176
201: 344,346,149,315,258
202: 490,342,226,343
203: 286,230
204: 380,177,231
205: 252,147,342,228
206: 
207: 261,105,82
208: 321
209: 233,294,83
210: 242
211: 135
212: 267,187
213: 50,327,186
214: 269
215: 326,387
216: 223,361
217: 163,167,90
218: 189,335,115
219: 278,307,333
220: 364,361,336
221: 18
222: 304,166,223,336,118
223: 216,247,222,166
224: 117,171,253,192
225: 97,121
226: 431,343,202,315
227: 250,395,490,371
228: 257,198,205,102
229: 102,255
230: 203,261
231: 82,204
232: 313,374,344,259,403
233: 209,317,262,83,179
234: 265
235: 378
236: 156,151
237: 
238: 297
239: 357,296,188
240: 
241: 86
242: 210
243: 301,334,360
244: 70
245: 386,187,325
246: 366,248,254,308
247: 191,223,20,166
248: 148,304,118,246
249: 169,144
250: 227,254,395
251: 192,193,144
252: 205,147
253: 96,72,68,224,192
254: 308,199,246,395,250
255: 178,229,102,285
256: 291,260,465,319
257: 341,228,102,285
258: 341,149,201,346
259: 344,346,232
260: 256,372,345,465,404
261: 155,207,230
262: 317,152,320,233
263: 351,435,409,468
264: 439,553
265: 411,234
800: 
267: 187,188,212
268: 
269: 214
270: 111,160
271: 159,385,86
272: 
273: 416,184
274: 476
275: 307,390,424
276: 115,167
277: 394,392,426,425
278: 307,219,365,333
279: 312,369,371
280: 340,368,337,423,199
281: 484,197
282: 457,284,338,310
283: 373,284,370
284: 282,457,283
285: 286,257,255
286: 316,285,203
287: 
288: 347,464
289: 377,492
290: 378,83
291: 256,405,400
292: 352,407,468
293: 
294: 209
295: 357,296
296: 295,239,187
297: 353,238
298: 
299: 385
300: 359,301
301: 243,359,300,305
302: 334,390,360,364
303: 507,326,475,510
304: 222,166,138,20,118,248
305: 448,301,332,359,477
306: 422,479,449,392
307: 278,275,219,390
308: 254,199,366,337,246
309: 423,391,363,426,452
310: 484,367,575,282,338
311: 571,373,370,314
312: 197,369,279
313: 374,232,315,344,460
314: 460,399,373,311
315: 149,226,344,201,313
316: 286,346,127
317: 180,262,152,131,233
318: 348,441
319: 256,436
320: 345,262,152
321: 208
322: 104
323: 
324: 
325: 187,245
326: 215,387,507,303,478
327: 213,50
328: 
329: 418,510,450,422
330: 358,415
331: 389,137
332: 359,418,448,446,305,422
333: 278,219,366
334: 164,243,139,302,360
335: 115,139,218
336: 220,222
337: 423,391,308,280
338: 282,484,310
801: 792,790,746
340: 368,280,199,511,197
341: 257,149,258
342: 202,205,147
343: 431,226,202
344: 201,346,315,313,232,259
345: 320,372,260,152,404
346: 344,201,258,316,127,259
347: 492,288,464
348: 318,441
349: 493,573,519
350: 
351: 352,263,435
352: 351,292
353: 297
354: 384,356
355: 383,442
356: 354
357: 295,239
358: 507,529,330,387
359: 332,300,301,305
360: 390,477,334,243,302
361: 220,364,216
362: 530,648,506,564
363: 394,420,309,426
364: 220,361,302,390
365: 393,278,391
366: 333,246,308
367: 484,310,430,575
368: 340,280,423,452,511
369: 312,197,279,199
370: 461,373,283,311
371: 227,279
372: 176,173,260,345
373: 283,370,314,311
374: 313,232,460,399,403,432
375: 515
376: 396,522,464
377: 289,381,527,496,635
378: 290,235
379: 435
380: 204,181
381: 523,527,632,433,377
382: 
383: 355,500
384: 354
385: 271,159,299,416
386: 245
387: 184,358,215,326
388: 444,639,588
389: 331,137,190
390: 360,302,364,307,275
391: 423,309,365,393,337
392: 306,483,479,449,394,277
393: 365,419,420,391
394: 363,449,420,277,392
395: 168,254,250,227
396: 376,406
397: 603,604,489,456,598
398: 571,547,428
399: 314,374,406,432
400: 403,406,432,291
401: 459,429,428
402: 602,520,491
403: 400,374,232,432
404: 436,465,260,345
405: 291
406: 432,399,400,396
407: 292
408: 470
409: 435,263,468
410: 
411: 265
412: 643,474,615
413: 639,471,588
414: 445,417,501
415: 473,330,507
416: 273,159,385
417: 473,447,444,414,445
418: 329,478,332,422
419: 393,451,448,424
420: 363,449,394,451,393
421: 475,533
422: 306,332,329,418,446
423: 309,391,337,368,280
424: 448,477,275,419
425: 541,516,277,426,485
426: 452,363,277,309,425
427: 575,489,603
428: 547,401,398
429: 401,459,457,461
430: 458,367
431: 226,343
432: 406,374,399,403,400
433: 463,381
434: 660,633
435: 409,379,351,263
436: 465,404,319
437: 659,519,632,607
438: 524,468
439: 467,264,466
440: 
441: 348,318
442: 355
443: 557
444: 388,471,639,560,447,417
445: 414,473,417
446: 451,448,332,422
447: 560,444,417
448: 451,424,446,305,332,477,419
449: 394,420,451,306,392
450: 505,329,649
451: 448,446,419,449,420
452: 426,309,368,485,511
453: 624,454,512
454: 486,455,453,545
455: 486,454,545,656,456
456: 598,455,489,656,397
457: 282,284,461,429
458: 430,485
459: 401,429,603,552
460: 314,313,374
461: 370,457,429
462: 574,606
463: 551,433
464: 376,347,288
465: 436,404,256,260
466: 439
467: 439
468: 409,438,263,292
469: 608,578
470: 408
471: 613,413,639,560,444
472: 500
473: 415,417,445
474: 412
475: 421,533,303,510
476: 274
477: 360,448,424,305
478: 326,418,510
479: 649,483,306,392
480: 616,532,669
481: 542,735,566,675,653
482: 543,508,598
483: 479,648,392
484: 310,281,367,338
485: 452,425,458
486: 454,455,545,512
487: 567,563,531,619,504
488: 552,517,520,491
489: 575,656,456,427,397,603
490: 202,227
491: 488,520,402
492: 347,522,289,496
493: 547,573,349
494: 610,581,634
495: 555
496: 635,377,492
497: 
498: 750
499: 526
500: 472,383
501: 414
502: 
503: 594,643
504: 565,563,487
505: 450,533,510
506: 540,530,362,564
507: 358,415,326,303
508: 543,482
509: 649,530
510: 329,303,478,475,533,505
511: 452,340,368
512: 568,453,535,486
513: 718,618
514: 680,572
515: 375,571
516: 541,425,624
517: 552,488,628,544
518: 606,602
519: 349,437
520: 488,491,402
521: 659,602,577
522: 376,492
523: 525,381,527,632,550
524: 438
525: 523,632,607,550,581
526: 499
527: 523,381,377,635,550
528: 
529: 184,358
530: 648,362,509,506
531: 563,620,619,487
532: 616,561,480,691
533: 475,421,510,505
534: 616,641,620
535: 621,593,568,512,570
536: 537,672
537: 695,536,671
538: 624
539: 596,646
540: 506,595,569
541: 516,425,624
542: 481,646,593
543: 482,508,599,572
544: 574,628,517
545: 486,454,455
546: 702,627
547: 493,428,398
548: 679
549: 729,706,657,709
550: 605,525,523,527,635
551: 463,573
552: 517,488,603,459
553: 264
554: 580
555: 495
556: 
557: 443,613
558: 559,756
559: 558
560: 447,471,444
561: 589,532,645,691
562: 672,618,674
563: 531,504,565,487
564: 569,362,506,596
565: 504,563
566: 675,481,735
567: 487,669
568: 512,535,570
569: 564,540,595
570: 600,535,621,568,601
571: 398,311,515
572: 543,514
573: 493,349,551
574: 544,462
575: 489,656,310,367,427
576: 681,703,726,707
577: 682,659,521
578: 605,469
579: 684,634
580: 554
581: 663,525,610,494,605
582: 584
583: 611
584: 582
585: 
586: 
587: 
588: 413,388
589: 561
590: 670,695
591: 674,672
592: 653,597,622,601
593: 621,653,646,542,535
594: 503,641,620
595: 540,569
596: 564,539
597: 651,676,592
598: 456,482,397,604
599: 543
600: 570
601: 673,592,570
602: 402,518,521
603: 628,397,489,427,459,552
604: 628,397,598
605: 550,578,663,581
606: 462,655,518,652
607: 610,659,437,525,632
608: 469,686,663
609: 729,706,748
610: 607,494,581
611: 636,583
612: 
613: 471,557
614: 734,642
615: 667,643,412
616: 532,534,480
617: 756
618: 513,671,562
619: 531,487
620: 594,531,534
621: 593,653,535,570
622: 673,626,592,625
623: 690,735
624: 541,516,453,538
625: 699,651,626,622
626: 673,622,625,699,677
627: 705,546,728
628: 603,604,517,544
629: 701,654
630: 766,763,783,799
631: 793
632: 525,523,381,437,607
633: 434,660
634: 660,579,494
635: 496,377,527,550
636: 611
637: 
638: 688
639: 413,471,444,388
640: 
641: 594,534
642: 614,734
643: 412,615,503
644: 
645: 691,690,561
646: 542,539,593
647: 650,722,676
648: 530,362,649,483
649: 479,450,509,648
650: 696,647,697,739
651: 597,676,625
652: 679,606,655
653: 621,593,481,675,592
654: 702,789,723,629
655: 606,652
656: 575,489,455,456
657: 682,709,679,549
658: 700,782,769
659: 521,437,577,607
660: 634,434,633
661: 710,711
662: 
663: 686,581,605,608
664: 
665: 693,713
666: 
667: 615
668: 
669: 567,480
670: 590,718
671: 672,695,537,618
672: 671,562,536,591
673: 626,622,601,744
674: 722,591,562
675: 566,481,653
676: 651,597,722,647
677: 744,701,626,698
678: 776
679: 548,652,657
680: 514,683
681: 576,703
682: 577,657,709
683: 680
684: 579
685: 748
686: 663,608
687: 
688: 638
689: 
690: 645,691,623
691: 645,690,532,561
692: 712,786
693: 665
694: 774
695: 537,590,718,671
696: 650,739
697: 742,738,650
698: 765,723,699,677
699: 625,626,698,765
700: 658,782,726
701: 744,677,629
702: 789,654,743,704,546,705
703: 681,576,707
704: 747,761,743,702,789
705: 627,702,743,793,728
706: 549,729,609
707: 576,703
708: 750
709: 657,682,549
710: 711,661,784
711: 710,661
712: 692,786
713: 665
714: 716
715: 
716: 714
717: 775,758
718: 513,670,695
719: 755,757
720: 760,773
721: 724
722: 674,676,647
723: 698,789,654
724: 777,721,765
725: 730,779
726: 576,700
727: 
728: 705,627
729: 549,706,609
730: 725,763,783
731: 
732: 
733: 736
734: 614,642
735: 481,623,566
736: 733
737: 797
738: 697
739: 650,696,776
740: 
741: 773
742: 697
743: 747,704,702,705,793
744: 677,701,673
745: 796,792
746: 801
747: 762,761,743,704
748: 609,685
749: 767
750: 498,708
751: 
752: 
753: 
754: 785
755: 797,719
756: 558,617
757: 770,719
758: 717
759: 772
760: 720,775
761: 747,762,704,777
762: 747,761
763: 730,783,630
764: 778
765: 698,699,724
766: 630,783,769
767: 749
768: 784
769: 766,658
770: 757
771: 
772: 759
773: 741,720
774: 694
775: 717,760
776: 739,678
777: 724,761
778: 764
779: 781,725
780: 781
781: 780,779
782: 658,700
783: 730,763,630,766
784: 768,710
785: 754
786: 692,712
787: 
788: 
789: 702,654,723,704
790: 801,792
791: 
792: 801,745,790
793: 743,705,631
794: 
795: 799
796: 745
797: 737,755
798: 
799: 795,630