0: 
1: 
2: 
3: 
4: 
5: 
6: 9
7: 12
8: 12,24
9: 94,6
10: 
11: 27
12: 7,8,22
13: 27
14: 103,39,124
15: 46
16: 
17: 18,36
18: 17
19: 
20: 166,91,92
21: 36
22: 12
23: 53,120
24: 35,94,8
25: 63,61,43,80
26: 
27: 13,11
28: 
29: 133
30: 136
31: 88,89
32: 112
33: 
34: 
35: 24
36: 21,17
37: 
38: 53
39: 150,124,14
40: 42
41: 
42: 40,74,103
43: 58,25
44: 64
45: 175
46: 15,133,50,67
47: 
48: 
49: 89,69,70
50: 67,46
51: 143,140,75,52,55
52: 51,143
53: 23,38
54: 66,114
55: 51
56: 73,117,96,93
57: 172,62,99,125
58: 43
59: 98,76,79
60: 61,128,85
61: 25,60
62: 172,57,150,105
63: 25,128,80
64: 44
65: 
66: 54
67: 50,46
68: 167,72,115,91,118
69: 70,189,165,49
70: 69,165,49,138
71: 89
72: 138,68,167,91,95
73: 56,75,93
74: 101,42
75: 51,73
76: 59,79
77: 146,121,78
78: 146,99,77
79: 93,59,76
80: 63,25
81: 175,100
82: 106,84
83: 231,320,204,379
84: 107,106,82
85: 128,60
86: 242,183
87: 
88: 135,186,31
89: 49,31,71
90: 115,142,247,141
91: 221,95,72,68,20
92: 224,20,171
93: 79,73,56
94: 9,24
95: 221,91,138,72,143
96: 117,171,140,221,56
97: 198,225,253,122,121,194,119
98: 59,116,194
99: 146,78,150,57
100: 128,81
101: 174,103,74
102: 172,205,127,126
103: 101,42,14
104: 294,106
105: 62
106: 82,84,104
107: 84
108: 
109: 187,134
110: 183
111: 
112: 32
113: 162,134,164
114: 54
115: 191,90,68,118
116: 253,98,194
117: 171,96,56
118: 166,68,115,193
119: 146,121,225,97
120: 23
121: 194,97,146,119,77
122: 145,144,253,198,97
123: 173,229,226
124: 39,150,14
125: 173,57
126: 127,230,102,205,177
127: 230,126,102
128: 85,100,60,63
129: 
130: 
131: 209,262,236
132: 188,157,295
133: 29,46
134: 109,327,113
135: 88,189
136: 30
137: 213,164,159,245
138: 72,70,95
139: 244,141,163,216
140: 51,143,221,96
141: 247,139,216,90
142: 165,167,90
143: 51,140,52,221,95
144: 145,122,170,254,198
145: 144,122,170,224,253
146: 99,119,77,121,78
147: 226,202,228,279,197,255
148: 192,195,224,170,254
149: 285,316,203,201
150: 39,124,99,62
151: 155,237,294
152: 153,207,180,204
153: 152,230,207
154: 180,155
155: 151,237,154,294
156: 181
157: 295,132
158: 210
159: 327,164,241,270,245,137
160: 211
161: 
162: 113,163,216
163: 162,216,139
164: 327,159,113,137
165: 69,70,189,142,167
166: 20,118,193
167: 68,165,142,72
168: 227,252,371,280
169: 337,196,195,248,250
170: 145,144,224,148,254
171: 117,96,92
172: 57,62,102
173: 123,125,178
174: 101
175: 81,45
176: 256,207,177
177: 230,126,176,207
178: 200,205,173
179: 233,259,435
180: 154,152
181: 156
182: 
183: 210,110,86
184: 386,271
185: 
186: 211,88
187: 272,109
188: 132,295,325,299
189: 69,165,135
190: 217,213,244,331,276
191: 115,247,302,249
192: 148,195,219,248
193: 219,249,166,118
194: 121,116,253,98,97
195: 148,192,248,254,169
196: 252,337,169,199,341
197: 227,147,255
198: 225,97,144,122,251
199: 254,196,251,279,341
200: 285,178,202
201: 372,149,256
202: 147,257,255,200
203: 285,205,149
204: 231,83,152
205: 285,178,102,126,203
206: 236
207: 176,230,177,153,152
208: 290,209
209: 379,131,320,208
210: 183,158
211: 186,160
212: 269,268
213: 137,190,244
214: 269
215: 300,273
216: 162,163,141,139
217: 218,190,389,245,274
218: 217,274,243,331,390
219: 193,223,308,192,248
220: 331,276,390,361
221: 91,95,143,140,96
222: 307,395,308,246,250
223: 308,246,219,249
224: 92,148,145,170
225: 198,97,119,229
226: 147,228,123,229
227: 197,168,341,252,371
228: 251,229,226,147
229: 123,225,228,226
230: 127,126,177,153,207
231: 83,320,204,261
232: 372,260,291
233: 179,290
234: 382
235: 290,320
236: 206,262,131
237: 155,151
238: 383,385
239: 385
240: 
241: 159,272,270
242: 86
243: 326,274,328,218,332,390
244: 247,139,213,190,276
245: 270,389,159,137,217
246: 223,308,304,364,222
247: 244,141,191,90
248: 250,219,308,192,195,169
249: 193,191,302,223
250: 248,308,395,222,337,169,278
251: 228,279,199,198
252: 337,196,227,168,341
253: 116,145,122,194,97
254: 199,148,195,144,170
255: 257,197,202,147
256: 261,176,372,201,317
257: 255,342,202,316,315
258: 316,315,345
259: 179
260: 405,400,345,372,232
261: 256,231
262: 379,131,236
263: 265
264: 352,265
265: 352,264,263
800: 759
267: 
268: 212
269: 212,214
270: 389,245,159,241
271: 299,184
272: 187,241
273: 300,215,326,274
274: 326,243,389,273,218,217
275: 333,305,304,364
276: 220,331,190,244
277: 451,393
278: 338,250,395,423,337
279: 251,199,341,147
280: 371,338,168
281: 309,368,369,310
282: 459,396,430,311,398
283: 286,371,284
284: 312,373,283
285: 200,205,149,203
286: 373,283,342,314
287: 321,380
288: 292,435,404,464,289
289: 409,288,292,347
290: 235,320,233,208
291: 317,232
292: 288,435,289,347
293: 
294: 104,155,151
295: 157,188,132,325
296: 
297: 
298: 385
299: 325,188,271
300: 273,215,301,326
301: 303,300
302: 361,304,191,249
303: 301,476,387
304: 302,275,305,246,364
305: 333,275,335,361,304
306: 451,333,365
307: 395,222,423,424
308: 223,246,219,248,250,222
309: 281,366,340
310: 340,281,369,367
311: 374,343,370,282,398,460
312: 284,340
313: 370,490,373,343,346
314: 342,286,315,346
315: 316,258,257,342,314
316: 315,258,257,149
317: 291,372,256
318: 468,351
319: 465,344,400,376
320: 231,83,290,235,209,379
321: 287
322: 382
323: 440
324: 
325: 299,295,188
326: 274,243,328,300,273
327: 164,159,134
328: 326,243,359
329: 359,448,419
330: 387,358,448
331: 220,276,218,190,390
332: 390,335,243,359,334
333: 275,305,334,451,306
334: 360,332,335,333,451,477
335: 332,390,334,305
336: 391
337: 252,196,169,250,278
338: 278,423,280
801: 779,741
340: 310,309,312
341: 227,199,252,196,279
342: 257,286,315,314
343: 374,311,346,370,313
344: 465,403,319,400,432,376
345: 372,258,405,260
346: 374,343,313,314,465
347: 292,289,438
348: 578,466
349: 433,437,552,406,377
350: 410
351: 468,318
352: 265,264
353: 355,416
354: 443
355: 353
356: 444
357: 386
358: 387,330,447,530,418
359: 329,328,332
360: 334,419,420,477
361: 302,220,390,305
362: 392,511,391
363: 538,446
364: 304,275,246,365
365: 306,364
366: 424,423,309
367: 369,310
368: 484,369,426,281
369: 368,281,310,457,367
370: 490,431,313,396,311,343
371: 280,227,168,283
372: 345,201,260,256,317,232
373: 286,284,490,313
374: 311,343,346,460,465,403
375: 464,432,376
376: 404,436,344,319,375
377: 523,406,492,433,349
378: 380
379: 209,262,83,320
380: 378,287
381: 496,409,524
382: 234,322
383: 238,384,385
384: 383
385: 298,238,383,239
386: 357,184
387: 330,358,476,303,447
388: 445,447
389: 270,245,217,274
390: 332,335,218,243,220,331,361
391: 393,336,362
392: 511,362,541,452
393: 391,277
394: 426,452,455
395: 307,222,423,250,278
396: 282,430,370,431
397: 454,489,458,575
398: 399,460,459,282,311,515
399: 398,460,515,463
400: 405,260,465,344,319
401: 493,515,459,461,547
402: 493,433,463
403: 465,344,374,460
404: 376,436,464,288,435
405: 400,260,345
406: 523,377,349,494
407: 408
408: 407
409: 289,522,496,381,524
410: 350
411: 470
412: 415,413
413: 415,471,529,412
414: 415,445
415: 414,413,529,412
416: 353
417: 503
418: 421,358,530,478
419: 510,329,360
420: 510,360,477
421: 418,479,506
422: 538,446,565,450,509
423: 307,395,366,338,278
424: 366,425,307
425: 424,426
426: 394,425,368
427: 575,572,456,604
428: 545,429,458,575,488
429: 428,545,430,488
430: 459,282,396,429
431: 370,490,396
432: 344,375
433: 349,463,402,492,552,377
434: 579,550,518,462,551,525
435: 288,292,404,436,179
436: 376,404,435
437: 551,525,552,349,494
438: 524,347
439: 497
440: 323
441: 611,499,664
442: 472,500
443: 502,354
444: 476,356
445: 388,414,560,473
446: 422,363,449
447: 388,387,358
448: 330,329
449: 565,510,446
450: 563,483,506,565,422
451: 477,306,277,334,333
452: 485,455,392,394
453: 541,481,512
454: 397,489,458,455,484
455: 452,485,394,484,454,489
456: 516,572,482,575,427
457: 369,458,545
458: 454,397,484,457,428,545
459: 282,430,398,401,515
460: 399,398,374,311,403
461: 571,488,547,401
462: 606,518,434
463: 433,399,402,515,492
464: 375,522,404,288
465: 344,403,319,374,346,400
466: 554,581,578,348
467: 
468: 318,351,469
469: 495,527,468
470: 411
471: 413
472: 442
473: 560,445,475
474: 588,666
475: 473,503,533,643
476: 444,303,387
477: 451,334,360,420
478: 530,418,479,510
479: 421,478,506
480: 531,561,567
481: 541,487,453
482: 516,456,485,489
483: 563,450,540,509
484: 368,455,454,458
485: 452,455,489,482
486: 598,626,514,572,604
487: 624,569,596,481
488: 571,461,428,429,573
489: 454,397,485,455,482
490: 370,431,313,373
491: 577,518,551,552
492: 433,463,377
493: 402,401,547
494: 607,437,525,406
495: 469,553
496: 580,381,522,523,409
497: 439
498: 583
499: 611,441
500: 502,442
501: 560
502: 500,443
503: 417,560,475,643
504: 564,532,563
505: 
506: 421,479,563,450
507: 533,532
508: 569,509,538,511
509: 569,508,483,422,538
510: 419,420,478,449
511: 392,362,508,541
512: 542,568,453,516,598,626
513: 562,690,618
514: 486,626,570
515: 401,459,399,398,463
516: 572,456,482,512,598
517: 627,574,520,544
518: 577,491,462,434
519: 577,547,520
520: 574,517,519
521: 602,574
522: 464,523,409,496
523: 406,377,522,496,580
524: 438,409,381
525: 551,437,579,434,494,607
526: 582,578
527: 469
528: 
529: 415,413
530: 478,358,418
531: 561,537,667,669,480
532: 533,507,504
533: 643,620,475,507,532
534: 558,640
535: 596,595,540
536: 594,648,592,566
537: 531,561,669,619,691
538: 422,363,569,509,508
539: 624,568,673,542,675
540: 564,563,483,535,596
541: 481,392,511,453
542: 512,539,675,570
543: 676,675,570,673,601,653
544: 573,517
545: 428,429,458,457
546: 654,628,723
547: 571,461,401,493,519
548: 549,657,606,550
549: 548,550,659
550: 579,434,549,548
551: 437,525,552,491,434
552: 551,437,491,433,349
553: 495,555,584
554: 466,581,580
555: 584,553
556: 608
557: 588
558: 613,615,534
559: 668,587,617,614
560: 473,501,445,503
561: 531,537,480,594,648
562: 592,513,618,695
563: 450,483,506,540,504
564: 567,540,504
565: 449,450,422
566: 621,648,536
567: 564,480,648
568: 624,539,512
569: 509,508,538,596,487
570: 676,675,543,542,626,514
571: 488,461,547,573
572: 516,456,486,598,427,604
573: 571,488,544
574: 627,517,520,521
575: 427,397,456,428
576: 683,705,706,682,631
577: 518,491,519
578: 348,466,526
579: 434,550,525
580: 496,523,554
581: 554,466,635
582: 526
583: 498
584: 555,553
585: 
586: 
587: 640,559,616
588: 474,557
589: 617,616,669,691
590: 614,670,617,591
591: 715,590,670,735
592: 562,619,594,536
593: 621,649,646
594: 648,536,561,619,592
595: 535,621
596: 535,540,569,487
597: 623,646,647,696
598: 486,626,512,516,572
599: 629,702,654,655
600: 654,656,680
601: 649,673,623,543,653
602: 705,521,652,606
603: 656,627,628
604: 572,486,427
605: 660,636,686,610,635
606: 462,602,657,548
607: 494,525
608: 663,556
609: 661,633,750
610: 634,659,632,636,605
611: 441,499,664
612: 613
613: 558,639,612,666,615
614: 590,642,559,617
615: 666,558,613
616: 589,640,587
617: 589,559,590,614,691
618: 645,695,562,513
619: 690,537,594,592
620: 533,643,641
621: 593,566,595,649
622: 651,721,701
623: 646,597,649,601
624: 568,539,487
625: 701
626: 486,598,514,512,570
627: 574,517,603,628
628: 603,546,627
629: 599,702,743,655,747
630: 728,681,658,727
631: 682,576,706,729,727
632: 610,659,635
633: 609,661,710
634: 610,684,636,685
635: 632,581,605
636: 660,605,610,634,685
637: 
638: 
639: 666,613
640: 587,665,534,616
641: 620
642: 614
643: 533,620,503,475
644: 714
645: 618,695,718
646: 623,597,593,647,649
647: 650,646,597,696
648: 594,536,561,567,566
649: 673,601,621,593,623,646
650: 647,695,674
651: 699,721,622,720,789
652: 723,679,602,705
653: 601,676,543
654: 546,600,599
655: 679,629,599,723
656: 600,603
657: 548,606,705,682
658: 707,681,630,726
659: 610,549,684,632
660: 636,686,605
661: 609,633,710
662: 
663: 608
664: 611,441
665: 753,640
666: 615,474,639,613
667: 669,531
668: 559
669: 667,589,531,537,691
670: 590,591,735
671: 717,718
672: 718,719,755
673: 649,601,539,675,543
674: 650,719,696
675: 543,570,539,673,542
676: 543,570,653,680
677: 701,789,678
678: 724,743,677,702
679: 655,652,723,705,683
680: 676,600
681: 707,658,730,630,728
682: 709,631,576,657
683: 576,679,744,705,706
684: 709,634,659
685: 634,636
686: 660,605
687: 748
688: 
689: 
690: 619,691,513
691: 690,669,617,589,537
692: 736,717
693: 
694: 736,756
695: 618,645,562,650
696: 739,647,674,597
697: 720,722
698: 762,758,720,789
699: 651,721,739
700: 730,747,724,704
701: 677,789,622,625
702: 629,599,743,678
703: 726
704: 724,700
705: 602,652,679,683,576,657
706: 728,683,576,631
707: 681,658,766
708: 709
709: 682,684,729,708
710: 731,661,633
711: 732,748
712: 754
713: 
714: 644
715: 591,735
716: 734
717: 671,756,736,692
718: 671,645,672
719: 739,674,672,722
720: 758,697,651,789,698
721: 651,699,622
722: 738,755,739,719,697
723: 652,546,679,655
724: 743,678,704,700
725: 766,746,780
726: 658,727,703
727: 729,630,631,726
728: 706,630,730,744,681
729: 727,709,631,731
730: 747,700,744,728,681
731: 710,729
732: 711
733: 772,776
734: 716
735: 756,670,591,715
736: 694,756,717,692
737: 775
738: 722,755,774,757
739: 719,696,722,699
740: 785
741: 801,745
742: 760,761,763
743: 724,678,629,702
744: 730,747,683,728
745: 741
746: 780,765,725
747: 730,700,744,629
748: 687,711,750
749: 769,768
750: 609,748
751: 768
752: 
753: 665
754: 712
755: 738,722,672
756: 735,736,694,717
757: 738,774,797
758: 720,698
759: 773,776,800
760: 742
761: 742,765,763
762: 698
763: 765,742,761
764: 
765: 763,761,746
766: 725,707
767: 
768: 751,769,749
769: 749,768
770: 
771: 
772: 733
773: 759,774
774: 738,773,757
775: 737
776: 759,733
777: 788
778: 781,780
779: 797,801
780: 746,778,725
781: 778
782: 784
783: 799
784: 782
785: 740,786
786: 785
787: 798
788: 777,796
789: 677,701,651,720,698
790: 
791: 
792: 796
793: 
794: 799
795: 
796: 792,788
797: 757,779
798: 787
799: 794,783