0: 
1: 
2: 
3: 
4: 
5: 
6: 9
7: 12
8: 9
9: 8,6,37
10: 
11: 74,27,101
12: 7
13: 58
14: 101,59
15: 47,46,133
16: 
17: 94
18: 120
19: 
20: 91,68,221,92
21: 
22: 
23: 53,74
24: 
25: 43,61
26: 64
27: 11,40
28: 
29: 108,65
30: 160,136
31: 88
32: 54,112
33: 
34: 66
35: 38
36: 73
37: 94,9
38: 35,94
39: 99,124,85
40: 42,27,60
41: 120,76
42: 40,101,103,60
43: 25,61
44: 58
45: 81,84
46: 133,15
47: 15
48: 71
49: 70,138
50: 89,67,161
51: 52,140
52: 55,70,51
53: 120,23
54: 32
55: 52,70,71
56: 253,116,171,224
57: 146,172,125
58: 13,44
59: 78,174,14
60: 103,61,40,42
61: 60,43,25
62: 153,105,150
63: 128
64: 26
65: 29
66: 34
67: 186,50
68: 166,115,72,20,92
69: 142,189,138,165
70: 55,52,49,138
71: 48,55
72: 115,165,167,68
73: 36
74: 11,23,101
75: 117
76: 79,93,120,41,98
77: 146,174,121,78
78: 59,77,99
79: 93,76,116,98,194
80: 
81: 175,45
82: 84
83: 231,320,204,262,379
84: 82,45,104
85: 39,124,100
86: 210
87: 
88: 31,162,189
89: 50
90: 191,247,141,115,167
91: 20,140,95
92: 148,224,20,68,166,192
93: 79,76,116
94: 37,17,38
95: 143,91
96: 221,140,117
97: 122,225,119,123
98: 174,79,76,121,194
99: 39,124,78
100: 85
101: 14,74,11,42,103
102: 205,125,172,127,126
103: 60,101,42,124
104: 130,107,84
105: 62,153
106: 151
107: 130,104
108: 29
109: 187
110: 111
111: 110,242,272
112: 32
113: 216,134,164,159
114: 
115: 72,167,90,68,118
116: 56,253,79,93,194
117: 75,96
118: 193,115,249
119: 121,97,146,123
120: 53,18,76,41
121: 194,119,98,77
122: 97,225,145,251
123: 173,119,97,225,229
124: 39,99,103,85
125: 102,57,173,172
126: 127,102,205,203,176
127: 126,102,153
128: 63
129: 
130: 104,107
131: 380
132: 242
133: 160,46,15,186
134: 164,113
135: 189,216,163
136: 211,30
137: 159,213,245,190
138: 143,49,69,70
139: 244,247,163,190
140: 91,51,96
141: 247,167,90
142: 189,69,165,167
143: 138,95
144: 145,148,170,254
145: 144,171,122
146: 57,77,119
147: 198,279,225,228,229,255
148: 92,192,170,144
149: 372,345,317,315
150: 172,62,153
151: 294,106,181
152: 207,230
153: 62,105,150,127
154: 204,155,180
155: 154,204,180
156: 
157: 158
158: 210,157
159: 137,213,164,113,216
160: 133,30,186
161: 50
162: 88
163: 139,216,135
164: 327,134,113,159
165: 72,167,69,142
166: 68,92,192
167: 115,165,72,142,141,90
168: 337,338,227,280
169: 250,248,337,196
170: 192,248,148,144,195
171: 56,253,224,145
172: 150,57,102,125
173: 123,226,125,178
174: 98,59,77
175: 81
176: 177,201,126,230
177: 201,176,203,285
178: 173,226,200,205
179: 435,259
180: 154,155
181: 206,237,151
182: 
183: 
184: 386,271
185: 
186: 67,133,160
187: 109
188: 242,241
189: 135,142,88,69
190: 218,137,244,139
191: 249,90,247,276,246
192: 170,248,166,219,148,92
193: 219,118,249,246,223,308
194: 121,79,253,116,98
195: 254,170,196,199
196: 338,199,169,195
197: 341,252,279,283,255
198: 147,279,254,251,225
199: 196,338,195,254,279,252
200: 226,202,178
201: 177,176,317,261,256
202: 257,255,200,316
203: 285,205,126,177
204: 154,155,231,83
205: 102,203,178,126
206: 237,181
207: 152,230,261
208: 233,407
209: 290,233,320,379
210: 86,158
211: 136
212: 214
213: 137,159,327,245
214: 212
215: 273,245,217,389
216: 113,159,135,163
217: 245,389,215,243,218
218: 220,190,217,243,331
219: 193,223,192,248
220: 218,331,390,302
221: 96,20
222: 364,308
223: 308,219,193,248
224: 92,56,171
225: 97,122,251,147,198,123,229
226: 173,200,228,229,178
227: 341,252,338,168,371,280
228: 229,147,226
229: 228,225,147,123,226
230: 207,152,176,261
231: 320,83,235,204
232: 259,291,372,405,260
233: 290,209,208,407
234: 382,378
235: 261,256,231
236: 
237: 206,181,262
238: 
239: 357,355
240: 
241: 271,188,299
242: 132,188,111
243: 274,217,389,218,331,332
244: 139,247,276,190
245: 217,389,327,215,137,213
246: 302,191,249,193,308
247: 244,139,141,276,191,90
248: 192,170,219,223,169
249: 191,246,118,193
250: 169,278,337
251: 254,122,225,198
252: 341,197,227,338,199,279
253: 56,116,171,194
254: 195,251,144,199,198
255: 257,283,202,147,197
256: 261,235,201
257: 283,255,202,286
258: 314,342,315,400
259: 291,232,179
260: 405,232
261: 235,256,201,207,230
262: 83,237
263: 321,378
264: 470,411
265: 352
800: 777,797
267: 
268: 386,325
269: 
270: 327
271: 241,299,184
272: 111
273: 215
274: 243,300,389,326
275: 361,305,306,365
276: 244,247,191,302
277: 393,365,364,307
278: 395,250,423,337
279: 147,198,199,197,252
280: 371,168,227,340
281: 424,366,425,426,368
282: 430,367,396,431
283: 257,255,341,197,286,284
284: 373,286,341,371,283
285: 203,316,177
286: 373,313,284,257,283,342
287: 321,378,318
288: 404,289
289: 464,288,438
290: 233,209,320
291: 259,232,372,317
292: 347
293: 
294: 151
295: 325
296: 297
297: 296
298: 385,354,383,355
299: 325,386,271,241
300: 416,274,326
301: 303,330,416,326
302: 246,220,276,390,361
303: 330,301,476,416
304: 365,308
305: 275,361,390,335
306: 333,275,365
307: 424,366,364,277,395
308: 223,246,193,304,222
309: 368,423,369,340,310
310: 340,367,309,369,457
311: 343,398,374,460
312: 371,340,367,490
313: 373,286,370,343,314,342
314: 258,342,313,346
315: 316,258,149,345
316: 315,202,285
317: 149,372,201,291
318: 351,408,321,287
319: 436,376,465
320: 231,83,290,209,379
321: 287,378,263,318
322: 410,352
323: 440
324: 472
325: 299,295,386,268
326: 448,328,300,301,274
327: 164,270,213,245
328: 359,326,332,360
329: 448,359,358,530,419
330: 303,301,387,358
331: 390,332,243,220,218
332: 331,390,243,328,335
333: 306,451,334
334: 335,360,333,477
335: 360,334,390,332,305
336: 362,391,393,394
337: 338,169,250,278,168
338: 337,196,199,168,252,227
801: 742,741,698
340: 367,310,309,280,312
341: 197,252,227,371,283,284
342: 314,258,313,286
343: 431,370,311,313,374
344: 432,463,465,376
345: 149,372,315,405
346: 374,403,314,400,465
347: 408,292,438
348: 524,381
349: 432,433,522,377
350: 
351: 318,408,468
352: 265,322
353: 357
354: 502,383,298,413
355: 357,385,298,239
356: 444,529,414
357: 355,239,353
358: 448,329,330,387,530
359: 448,328,329,360
360: 335,334,359,328,419
361: 275,305,390,302
362: 336,391,420
363: 508,511,392
364: 365,222,277,307
365: 364,304,275,306,277
366: 424,281,307,425
367: 340,310,312,431,490,282
368: 309,281,454,369
369: 454,545,309,368,310,457
370: 431,490,343,373,313
371: 280,312,341,227,284
372: 149,345,317,405,291,232
373: 313,286,284,370,490
374: 403,346,311,343,460
375: 436,376,522,464
376: 436,319,375,344,522
377: 349,522,409
378: 321,287,263,234
379: 320,83,209
380: 131
381: 438,348,468
382: 234
383: 354,384,385,298
384: 383
385: 298,383,355
386: 268,325,299,184
387: 444,330,358
388: 
389: 245,217,215,274,243
390: 331,332,220,335,302,361,305
391: 362,336,451,420,393
392: 452,485,363,511,394,455
393: 277,336,391
394: 425,426,455,336,392
395: 278,424,307,423
396: 457,429,430,282
397: 489,484,458
398: 459,311,460,515
399: 515,402,461,492
400: 405,258,346
401: 402,461,547,519,491
402: 401,493,461,399,492
403: 374,346,460,463,465
404: 288,435
405: 400,372,345,232,260
406: 494,554,437,523
407: 233,208
408: 347,351,318
409: 522,464,377,496
410: 322
411: 470,264
412: 588,471,500,557
413: 443,502,354
414: 529,415,356
415: 414
416: 300,303,301
417: 616,643,615,503
418: 530,478
419: 530,329,360,510
420: 477,446,451,362,391
421: 478,479
422: 509,449
423: 424,278,395,309
424: 366,281,307,423,395
425: 394,426,366,281
426: 425,394,455,281
427: 573,571,575
428: 488,575,458,429
429: 458,396,430,428
430: 459,282,396,429
431: 370,490,343,367,282
432: 344,349,463,433
433: 552,492,349,432
434: 525,437,518,551,462
435: 179,404
436: 376,319,375
437: 434,551,552,523,406,494
438: 381,289,347
439: 497
440: 323
441: 
442: 472
443: 413,471,502
444: 356,387
445: 503,560
446: 477,420,510,449
447: 473,507
448: 359,326,329,358
449: 479,510,446,422,509
450: 565,509,538,483
451: 333,477,420,391
452: 392,485,482,455,489
453: 516,541,481
454: 484,545,369,368
455: 394,426,452,392,489
456: 598,482
457: 396,545,369,310
458: 575,429,397,428
459: 430,398,515,461
460: 463,311,398,374,403
461: 402,401,459,547,399,515
462: 577,434,518
463: 460,403,344,432
464: 522,409,375,289
465: 403,346,344,319
466: 581,526
467: 495,469,470
468: 381,351
469: 467
470: 264,467,411
471: 500,443,412
472: 324,442
473: 447
474: 666,588,501
475: 
476: 303
477: 420,446,334,451
478: 421,530,418
479: 449,421,510
480: 620,532,531,561
481: 541,568,487,453
482: 452,516,489,456
483: 538,596,450,564,540
484: 454,545,489,397
485: 452,392,511
486: 514,600,572,598,546
487: 624,568,596,566,481,569
488: 428,547,571,544
489: 397,455,452,482,484
490: 431,370,312,367,373
491: 577,519,401,493,518
492: 433,552,399,402,493
493: 402,491,492,518,551
494: 406,554,525,437,607
495: 467
496: 580,409
497: 439
498: 
499: 556,584,637
500: 471,412
501: 615,666,474
502: 354,413,443
503: 445,417,643
504: 532,506,563
505: 533,532
506: 504,565
507: 447
508: 363,511,541
509: 422,449,450
510: 419,449,479,446
511: 508,363,541,392,485
512: 542,598
513: 619
514: 486,600,542,626
515: 399,459,398,461
516: 453,482
517: 544,519,603,627,520
518: 434,551,493,577,491,462
519: 544,517,547,401,577,491
520: 521,574,517,577
521: 574,520,602,606
522: 464,409,349,376,375,377
523: 552,437,406
524: 348
525: 434,494,579
526: 466,527
527: 526,553,578
528: 
529: 414,356
530: 419,418,329,358,478
531: 669,537,480,620
532: 480,620,504,505
533: 505,667,641,620
534: 558,640
535: 566,540,567,621
536: 646,594
537: 531,669,690,592,619
538: 483,596,450,540,569
539: 624,568,649,673,570
540: 535,566,538,483,596
541: 481,508,511,453
542: 512,626,570,514
543: 570,675,622
544: 517,519,603,571,488,547
545: 484,454,369,457
546: 656,486,600
547: 488,544,519,401,461
548: 659,606,657,550
549: 550,579,632
550: 549,548,659,606,632
551: 434,437,518,493,552
552: 433,492,437,551,523
553: 582,527
554: 406,494,580
555: 584
556: 584,578,499
557: 412,588,585
558: 613,665,534
559: 691,668,589
560: 445
561: 592,648,480
562: 592,648,593,594
563: 565,504,564
564: 567,563,483
565: 450,563,506
566: 535,540,621,624,487,673
567: 564,648,535,621
568: 624,487,539,481
569: 538,596,487
570: 543,539,649,675,542
571: 573,427,575,488,544,603
572: 598,486
573: 427,571,604,603
574: 521,520,627,602
575: 458,427,571,428
576: 683,631,705,657,682
577: 491,519,520,518,462
578: 582,527,556,584
579: 605,607,632,525,549
580: 496,554
581: 466,607,635
582: 553,578,584
583: 685,663
584: 556,582,578,555,499
585: 666,557
586: 
587: 667,641,589
588: 412,557,474
589: 667,587,559,691
590: 690,591
591: 590
592: 561,562,537,619
593: 595,621,594,648,562
594: 593,562,536
595: 593,621,649,623,673
596: 538,483,540,569,487
597: 622,601,721
598: 456,572,512,486
599: 629,680
600: 514,486,546
601: 696,675,597,622
602: 705,657,628,521,574
603: 544,517,573,571,604
604: 656,573,603
605: 579,607,632
606: 548,521,657,550
607: 579,605,494,581,635
608: 
609: 710,661
610: 636,660
611: 
612: 666,639
613: 615,558
614: 642
615: 501,613,417
616: 417,643,641
617: 668
618: 645,695,650,718
619: 513,537,592
620: 480,532,533,531
621: 595,593,567,535,566,673
622: 597,653,601,543,676
623: 649,675,595
624: 568,487,539,566,673
625: 680,653,701
626: 542,514,676
627: 517,574
628: 723,652,602,705
629: 599,655,702,743
630: 731,706,707,727
631: 683,576,728,706,682,727
632: 579,605,549,550,659
633: 708,710
634: 708,684,636
635: 686,607,581
636: 610,634,660,685
637: 499
638: 
639: 666,612
640: 534
641: 667,587,616,533
642: 614,735
643: 417,616,503
644: 694
645: 671,618,718
646: 536,647,696
647: 674,646,696,739
648: 561,562,567,593
649: 675,623,673,595,539,570
650: 695,674,618
651: 699,721,701
652: 723,628,654,679,705
653: 622,676,625
654: 723,652,655
655: 629,743,654,744
656: 546,604
657: 602,705,576,548,606
658: 726,731
659: 548,684,550,632
660: 663,610,636
661: 710,609
662: 
663: 660,583,685
664: 
665: 558
666: 585,474,639,501,612
667: 641,589,587,533
668: 559,617
669: 531,537,690
670: 735,715
671: 645,715,756
672: 718,737,738,755
673: 649,566,595,621,624,539
674: 695,647,650
675: 649,623,601,543,570
676: 626,622,653
677: 720,701,789,678,762
678: 762,677,702
679: 728,652,705,683
680: 625,599,702
681: 706,707,730,747
682: 709,727,631,576
683: 631,576,679,728,705
684: 659,709,634
685: 583,636,663
686: 635
687: 711,750
688: 
689: 
690: 590,691,669,537
691: 559,589,690
692: 694,712
693: 
694: 692,644
695: 674,650,618,718
696: 601,646,647
697: 758,757
698: 789,760,801
699: 651,721,758,720,701
700: 730,747,724,793
701: 720,677,651,699,625
702: 629,680,678,743
703: 726
704: 763,761,765
705: 602,657,628,652,679,683,576
706: 707,681,631,727,630
707: 706,681,730,630
708: 633,634,709,729
709: 682,684,729,708
710: 661,633,609
711: 687,750,748,732
712: 714,692
713: 
714: 712
715: 756,735,670,671
716: 
717: 736,737,770
718: 737,672,618,645,695
719: 739,722
720: 701,677,699,758,789
721: 651,699,597
722: 719
723: 628,652,654
724: 762,743,747,700
725: 793,766
726: 658,703,731
727: 682,631,706,630
728: 679,744,747,683,631
729: 709,708
730: 700,793,707,681
731: 630,658,726
732: 711
733: 754,772
734: 
735: 642,670,715
736: 756,717
737: 718,672,717,770,755
738: 672,755,773
739: 719,647
740: 785,798,772,776
741: 801
742: 801,763,745
743: 724,629,655,702,744,747
744: 728,655,743,747
745: 742,796
746: 766,778
747: 700,724,743,744,728,681
748: 767,711,750
749: 783
750: 687,711,748
751: 
752: 
753: 
754: 733,785
755: 770,737,672,738
756: 715,736,671
757: 760,697,779
758: 760,697,699,720
759: 773,774,775
760: 758,757,779,698
761: 704,763,762
762: 678,724,677,761
763: 704,761,742,765
764: 
765: 778,704,763
766: 746,725
767: 748
768: 769
769: 768
770: 755,717,737
771: 
772: 733,785,740,776
773: 759,774,738,775
774: 759,773
775: 759,773
776: 772,740
777: 800,797
778: 765,781,746
779: 797,760,757
780: 782
781: 790,778
782: 780
783: 749
784: 
785: 740,786,754,772
786: 785,798
787: 
788: 
789: 698,720,677
790: 781,796
791: 
792: 
793: 730,700,725
794: 799
795: 
796: 745,790
797: 779,800,777
798: 740,786
799: 794