0: 
1: 
2: 
3: 
4: 
5: 
6: 48
7: 
8: 11,38
9: 22
10: 37
11: 8
12: 
13: 
14: 80,43,58
15: 52,88
16: 
17: 143,18,73
18: 143,17,103
19: 
20: 118,166
21: 36
22: 9
23: 225,116,93
24: 100,42,40
25: 
26: 
27: 74
28: 
29: 
30: 
31: 88,142
32: 38,37
33: 
34: 133,48
35: 42,100,60
36: 21
37: 10,32
38: 32,8
39: 62,124,99,57
40: 42,24
41: 122,170,169,119
42: 35,40,24
43: 14
44: 
45: 85,175
46: 47
47: 46,67
48: 6,66,34
49: 244,163,142,162
50: 135,113
51: 95
52: 15,71,161
53: 221
54: 
55: 91,79
56: 96
57: 125,99,39
58: 14,80
59: 77,146,121,97
60: 100,35
61: 
62: 39
63: 
64: 
65: 158
66: 48
67: 47
68: 253,96,138,192
69: 
70: 95
71: 52
72: 138,191
73: 17,98
74: 27,120
75: 79,253,171
76: 77,101
77: 59,76,121
78: 123,178
79: 75,55
80: 14,58
81: 100,101,174
82: 177,231
83: 290
84: 
85: 45,175
86: 111,325,271
87: 
88: 31,15,162
89: 
90: 163,217,167
91: 55,143
92: 117,170,98,171,224,116
93: 23
94: 103
95: 51,70
96: 56,140,68
97: 123,121,59
98: 171,73,92
99: 150,39,125,57
100: 24,60,35,81
101: 76,81,174
102: 257,229,255
103: 18,94
104: 378,321
105: 177
106: 154
107: 
108: 185
109: 218,164,327,389
110: 272
111: 241,86,134,270
112: 
113: 186,135,50,213
114: 
115: 217,189,276
116: 170,92,23
117: 170,92,224,169
118: 20,304,248
119: 198,249,169,145,41
120: 74
121: 225,59,77,97
122: 41,170,225
123: 97,78,229,194
124: 150,39
125: 126,57,99
126: 125,207
127: 200,316,346
128: 
129: 
130: 181
131: 294,233
132: 134,270
133: 34
134: 272,111,132,270
135: 50,113
136: 
137: 159,270
138: 72,68,193,192
139: 216,335,302
140: 96
141: 213
142: 31,162,49
143: 17,18,221,91
144: 145,251,249
145: 144,147,249,119
146: 59,150
147: 145,195,252
148: 248,251
149: 342,341,257,258,201
150: 124,146,99
151: 
152: 320,260,176,345,262,317
153: 175
154: 106
155: 261,180
156: 
157: 239,188
158: 65
159: 137,271
160: 331,389
161: 52
162: 88,142,244,49
163: 244,49,90,217,165
164: 218,335,109,389,190
165: 244,163
166: 223,20
167: 247,90
168: 196,227,250,202
169: 249,117,41,119
170: 117,92,116,41,122
171: 253,224,75,98,92
172: 285,178,230
173: 259,200,372
174: 101,81
175: 153,45,85
176: 261,200,345,152
177: 82,105
178: 255,172,78,229
179: 262,320,233
180: 317,155
181: 130,237
182: 
183: 
184: 358,273
185: 108
186: 113,213
187: 267,296
188: 267,157,210
189: 115,217
190: 334,331,389,164
191: 72
192: 193,138,68,251
193: 192,138,251
194: 198,123
195: 147,196
196: 168,395,195,250
197: 369,199,340
198: 119,194,228
199: 280,254,340,395,250,197
200: 127,173,176
201: 344,346,342,149,258
202: 168,343,490
203: 230,285
204: 380
205: 252,228,341
206: 
207: 126
208: 287,351
209: 233
210: 188
211: 
212: 
213: 186,113,141
214: 268
215: 300,328
216: 139,276,361
217: 115,189,163,90
218: 335,164,109
219: 220,364,278,307,222,336
220: 219,364,223,222
221: 53,143
222: 366,223,220,219,304
223: 166,361,220,222
224: 253,171,117,92
225: 121,23,122
226: 342,343
227: 369,250,168,490
228: 198,205
229: 123,102,255,178
230: 203,172
231: 294,82
232: 313,344,403,374
233: 262,131,179,209
234: 411,470,265
235: 321
236: 
237: 181
238: 385
239: 157,295
240: 
241: 111,325
242: 
243: 301,305,334,477,360
244: 163,49,162,165
245: 386,299,296,357
246: 254,248,308,395
247: 167,276
248: 148,118,304,246
249: 169,145,144,119
250: 227,199,196,168,395
251: 148,193,192,144
252: 205,147
253: 171,224,68,75
254: 246,199,308,395
255: 285,178,229,102,286
256: 319,400,291,465
257: 102,341,149
258: 286,316,149,201,346
259: 173,344,346
260: 320,152,345
261: 176,155
262: 317,320,152,233,179
263: 292,409,468,352
264: 407,292,439
265: 234
800: 787
267: 188,296,187
268: 214
269: 
270: 134,111,132,137
271: 86,159
272: 110,134
273: 328,416,274,184
274: 416,385,273
275: 307,365,419
276: 216,115,247
277: 392,483
278: 307,365,219,336,333
279: 369,312
280: 199,308,340
281: 368,511
282: 310,338,367
283: 373,284,370
284: 310,283,461,370
285: 255,172,286,203
286: 258,316,255,285
287: 208,436,379,351
288: 435,347
289: 496,377
290: 83
291: 372,256
292: 407,263,264
293: 
294: 231,131
295: 357,239,297
296: 267,187,245
297: 353,295,357
298: 447,529,560
299: 386,245,357
300: 215,326,387
301: 243,359
302: 334,139,390,364
303: 507,326,510,478
304: 118,222,248
305: 243,332,477,360,424
306: 446,479,451,448,449
307: 278,365,275,219,364
308: 280,366,336,246,254
309: 425,393,391,423,368,452
310: 284,282,461
311: 370,314,398
312: 279
313: 232,315,460,399
314: 460,399,311,398
315: 313,342,344
316: 258,286,346,127
317: 262,180,152
318: 499,348
319: 256,400,376
320: 260,152,262,179
321: 235,104,378
322: 382
323: 
324: 
325: 241,86,386
326: 300,387,303,359,478
327: 109
328: 273,215
329: 422,478,510,418,505
330: 415,358
331: 160,389,190
332: 359,418,305,448,424
333: 336,337,278,365
334: 190,335,243,302,390,360
335: 218,164,334,139
336: 333,219,278,366,308
337: 333
338: 282
801: 796,741
340: 280,199,197
341: 342,149,205,257
342: 226,341,149,201,315
343: 490,202,226,431
344: 201,346,232,315,259
345: 372,176,260,152
346: 344,201,258,316,127,259
347: 524,288
348: 318,499
349: 433,519,437
350: 
351: 435,379,287,208,352
352: 351,263
353: 297,357
354: 384
355: 
356: 443
357: 295,297,353,245,299
358: 184,476,330
359: 332,418,326,301
360: 390,477,334,243,305
361: 223,216
362: 596,540,564
363: 449,479,392,394
364: 220,219,302,307
365: 278,307,275,333
366: 222,336,308
367: 430,489,282,575
368: 281,423,309,511,452
369: 227,197,279
370: 461,311,284,283
371: 
372: 291,345,173
373: 283,431,460
374: 403,232,399,432
375: 406,515
376: 522,396,319,400
377: 573,463,289
378: 104,321
379: 435,351,287
380: 204
381: 525
382: 322
383: 
384: 354
385: 416,274,238
386: 245,299,325
387: 300,326
388: 414,413,639,444
389: 160,331,164,109,190
390: 477,360,334,302
391: 420,393,309
392: 277,394,363,483
393: 449,420,391,425,309
394: 392,363,425,541
395: 196,246,254,199,250
396: 432,406,400,376
397: 603,628,656,456,427
398: 571,311,314
399: 460,314,313,374
400: 256,319,396,376
401: 493,547,459,428
402: 521,602,520,606
403: 405,374,232,432
404: 465,436
405: 403
406: 515,396,375
407: 292,467,264,439
408: 
409: 468,435,263
410: 
411: 234,470
412: 588,643
413: 639,557,444,388
414: 388,417,501
415: 330,473
416: 385,274,273
417: 445,414
418: 332,359,329,422,478
419: 451,424,275
420: 451,393,391
421: 475,473
422: 329,418,448,446
423: 309,368
424: 451,448,419,305,332,477
425: 426,309,393,394,452
426: 425,541,485,452
427: 575,489,656,603,397
428: 401
429: 459,457,575,603
430: 489,367
431: 343,373
432: 396,403,374
433: 349,632,525
434: 686,660,634,494
435: 379,351,288,409
436: 287,404
437: 519,349,632
438: 524,468
439: 407,467,264
440: 
441: 555
442: 
443: 356,613
444: 471,413,388
445: 417,620,563
446: 306,479,422,448
447: 298,560
448: 451,424,332,422,446,306
449: 393,363,306,479
450: 505,533,649
451: 448,424,419,306,420
452: 511,425,426,309,368
453: 624,516,454,512
454: 486,512,516,453,545
455: 656,486,489
456: 656,598,397
457: 429,461
458: 511
459: 429,603,552,488,493,401
460: 314,399,373,313
461: 370,310,284,457
462: 680,655
463: 573,377,571,551,515
464: 522,492
465: 404,256
466: 
467: 407,439
468: 409,438,263
469: 635,605,578
470: 411,234
471: 560,444
472: 585,500
473: 415,421
474: 
475: 421,510,507
476: 358
477: 390,360,243,305,424
478: 329,326,303,418
479: 446,306,649,449,363
480: 669,690,532,619
481: 569,566,621,593
482: 568,486,512,508,598
483: 596,648,277,392
484: 
485: 541,516,426,545
486: 454,512,482,455,598
487: 567,531,619,504
488: 552,517,459,493,491
489: 430,367,455,656,427
490: 343,227,202
491: 519,488,520
492: 496,464
493: 547,401,459,488
494: 610,581,663,434
495: 555
496: 289,492,527
497: 553
498: 
499: 611,526,318,348
500: 472
501: 414
502: 
503: 667
504: 509,563,565,531,487
505: 533,450,510,329
506: 540,595,567
507: 303,475
508: 543,482,514
509: 504,565
510: 475,303,329,505,533
511: 458,452,368,281
512: 486,454,453,568,482
513: 755,671,672,618
514: 599,543,508,572
515: 406,571,463,375
516: 485,624,453,545,454
517: 552,488,544,520
518: 602,549
519: 491,521,349,437
520: 402,517,491
521: 402,602,519
522: 376,464
523: 635,550,605
524: 347,438
525: 381,433,632,607,550
526: 499
527: 496,635
528: 
529: 298
530: 648
531: 594,620,563,504,487
532: 619,616,480
533: 505,450,510
534: 641,667,594
535: 568,646,600
536: 645,735,591,695
537: 561,691,645,695
538: 596,624
539: 
540: 506,595,362,564
541: 485,394,426
542: 569,593
543: 508,598,514,572
544: 574,604,517
545: 516,485,454
546: 655,629,654
547: 493,401
548: 679,729
549: 657,518
550: 581,525,523,605
551: 571,573,463
552: 517,488,603,628,459
553: 497
554: 580,578
555: 441,495
556: 
557: 613,413
558: 559
559: 589,615,558
560: 471,298,447
561: 691,537,617
562: 674,591,675
563: 565,445,531,504
564: 540,362
565: 563,509,504
566: 675,481,653
567: 487,506,595
568: 482,535,512
569: 481,542
570: 600,673,621,592,601
571: 398,551,515,463
572: 543,514
573: 377,463,551
574: 544,604,606
575: 427,367,603,429
576: 726,681
577: 657,659,610,682
578: 580,469,635,554
579: 709,657,682,634
580: 578,554
581: 610,550,494,605,663
582: 
583: 633
584: 688
585: 472
586: 
587: 716
588: 639,412
589: 559,756,641,617
590: 718
591: 695,672,536,562
592: 597,653,621,570
593: 621,646,481,542
594: 531,620,534
595: 506,540,567,623
596: 538,362,483
597: 592,653,676,622
598: 543,486,482,456
599: 514,744
600: 570,673,535
601: 622,626,570,673
602: 521,402,606,518
603: 397,575,427,429,459,552
604: 680,544,574
605: 663,581,550,469,523
606: 574,402,602
607: 632,659,525
608: 663,686
609: 727,703,684
610: 581,577,682,494
611: 499,636
612: 
613: 557,443
614: 734
615: 666,559
616: 617,532,641
617: 616,589,561
618: 719,647,513
619: 532,487,480
620: 445,531,594
621: 646,593,481,592,653,570
622: 601,597,651,625
623: 595,735
624: 453,538,516
625: 622,677
626: 601,673
627: 655,728,652
628: 397,552
629: 701,723,654,546
630: 799
631: 681,728,705
632: 433,437,525,607
633: 583
634: 682,579,434,660
635: 469,523,527,578
636: 611
637: 
638: 
639: 413,588,388
640: 
641: 534,589,616
642: 670
643: 412
644: 771
645: 536,690,691,537,695
646: 621,593,535
647: 719,618,674,650
648: 530,483
649: 450,479
650: 719,647,697
651: 699,696,622,721
652: 655,627,679
653: 592,597,566,675,621,676
654: 702,723,629,546,705
655: 627,546,462,652
656: 455,456,489,427,397
657: 577,549,682,709,579
658: 782,700,766
659: 577,607
660: 434,634,685
661: 
662: 
663: 605,608,581,494,686
664: 
665: 
666: 615
667: 503,534
668: 
669: 690,480
670: 734,642
671: 513,755,718,672
672: 591,695,718,513,671
673: 600,570,601,626
674: 562,647,722,676
675: 566,562,653,676
676: 722,675,674,597,653
677: 701,625,698
678: 721,739,724
679: 548,652
680: 604,462
681: 631,576,729
682: 634,577,657,610,579
683: 701
684: 609,685
685: 684,660
686: 434,663,608
687: 
688: 584
689: 
690: 669,480,691,645
691: 561,537,690,645
692: 712
693: 
694: 737,736,718
695: 591,672,537,645,536
696: 651,721
697: 742,650
698: 789,677
699: 651,721,724
700: 707,726,658
701: 744,677,683,629,723
702: 654,789,747,704,705,743
703: 748,706,609
704: 747,789,765,702
705: 702,654,728,743,631
706: 729,703,709
707: 700,748
708: 711
709: 579,657,706
710: 784
711: 708,750
712: 692,717
713: 
714: 
715: 
716: 587
717: 770,712
718: 590,694,672,671
719: 618,647,757,650
720: 760,773
721: 678,696,699,651,724
722: 676,674
723: 654,701,789,629
724: 765,699,678,721
725: 762,730
726: 576,700
727: 609
728: 627,705,631
729: 548,681,706
730: 793,725
731: 782,769
732: 
733: 771
734: 670,614
735: 536,623
736: 694
737: 694,774
738: 757,770,775
739: 678
740: 758
741: 745,801
742: 697,760
743: 793,702,747,705
744: 701,599
745: 741
746: 
747: 704,702,762,743
748: 703,707
749: 769,767
750: 711
751: 
752: 
753: 
754: 
755: 513,671,797
756: 589
757: 719,738
758: 775,760,740
759: 786
760: 775,758,742,720
761: 780,777
762: 780,747,725
763: 779
764: 794
765: 724,789,704
766: 658
767: 749
768: 
769: 749,731
770: 717,738
771: 644,733
772: 798
773: 720
774: 737,797
775: 758,760,738
776: 777
777: 776,761
778: 
779: 763
780: 762,761
781: 
782: 658,731
783: 
784: 710
785: 
786: 759
787: 800
788: 
789: 698,765,702,723,704
790: 791
791: 790,799,795
792: 
793: 730,743
794: 764
795: 791,799
796: 801
797: 774,755
798: 772
799: 630,791,795