0: 
1: 
2: 
3: 
4: 
5: 
6: 66
7: 19
8: 11
9: 37
10: 
11: 8
12: 
13: 43
14: 44,64
15: 
16: 
17: 79,143,253,91
18: 93,22,79,55
19: 7
20: 333,166,304,247,193
21: 221
22: 91,18
23: 
24: 174
25: 44,85
26: 28
27: 120
28: 26
29: 
30: 
31: 141
32: 89
33: 
34: 95
35: 80
36: 
37: 9
38: 
39: 
40: 43
41: 225,78
42: 80,43
43: 13,42,40
44: 14,25
45: 78,81,62
46: 69,47,52
47: 69,46,52
48: 53
49: 134,186,109,270
50: 161,113
51: 96,162,244
52: 46,47
53: 48
54: 
55: 79,93,18
56: 213,70,165,72
57: 126,121,153
58: 
59: 77,116,341
60: 
61: 
62: 81,45
63: 
64: 14
65: 185
66: 6
67: 
68: 117,251,192
69: 46,47
70: 56,165
71: 
72: 165,56,115,90
73: 
74: 94,100
75: 251,122
76: 100
77: 59,341,229
78: 45,41
79: 17,91,18,55
80: 42,35
81: 45,62
82: 204,233,231
83: 231
84: 106
85: 175,25
86: 158,267,187
87: 108
88: 
89: 32
90: 115,166,72,192
91: 22,221,17,79
92: 249,169,122,140
93: 18,55,100
94: 74
95: 141,34
96: 51
97: 171,249,228,123,170
98: 140,103
99: 172
100: 76,93,74
101: 
102: 205,255
103: 98,124,119
104: 
105: 
106: 154,84
107: 
108: 87
109: 270,49
110: 
111: 160,389,416,331
112: 133
113: 50
114: 
115: 90,166,189,72
116: 228,170,59
117: 251,192,68
118: 218,361,164
119: 103,124
120: 27
121: 57,126
122: 75,140,92
123: 170,145,97
124: 103,119
125: 177,150
126: 57,121
127: 346,180,259
128: 
129: 
130: 236,151
131: 233,155
132: 385,271
133: 112
134: 159,49,186,270
135: 186,142
136: 
137: 299,415,273,184
138: 224,193,248
139: 167,327,390
140: 98,122,92
141: 31,95
142: 135
143: 253,17
144: 248,147,224
145: 123,148,252
146: 174
147: 248,144,196
148: 196,252,145
149: 283,343,227,371
150: 177,125
151: 294,130
152: 232,200,261
153: 57,317,230
154: 106
155: 207,200,230,131
156: 181
157: 
158: 86,267
159: 134,389,270
160: 111,389,385
161: 50
162: 51
163: 217,189,164
164: 189,163,118,247
165: 72,56,70
166: 115,90,247,192,193,20
167: 139
168: 371,194,490,226
169: 92,249,228
170: 123,97,116
171: 97
172: 99
173: 345
174: 146,24
175: 85
176: 261,372,404,320
177: 150,317,125
178: 203,255,229
179: 465,436
180: 232,285,258,346,127
181: 182,156
182: 181
183: 
184: 273,415,326,137
185: 240,65
186: 135,134,49
187: 86
188: 210
189: 163,164,115
190: 328,331,334
191: 302,218,361
192: 193,90,166,117,68
193: 192,166,20,138
194: 198,195,168,490
195: 395,196,252,194
196: 148,252,147,395,195
197: 575,282,603
198: 194,205,490
199: 250,368,369,280
200: 207,155,152
201: 461,313,398
202: 346,342
203: 178,255,258
204: 82
205: 341,198,102,255
206: 350
207: 200,155,286
208: 263
209: 
210: 188
211: 
212: 
213: 56,217
214: 
215: 475,387,303
216: 391,419
217: 163,213
218: 118,361,364,302,191
219: 278,220,365,337,363
220: 278,219,307
221: 21,91
222: 276,223,336
223: 222,361,304
224: 138,144
225: 41
226: 168,371
227: 254,371,149,283
228: 116,249,169,97
229: 178,255,77
230: 155,153,287
231: 83,233,82
232: 180,285,152
233: 131,82,231
234: 
235: 321
236: 130
237: 
238: 297,384,274
239: 357,295
240: 185
241: 335
242: 296
243: 360,301,275
244: 51
245: 295
246: 312
247: 304,164,166,20
248: 144,147,333,138
249: 92,169,97,228
250: 199,279
251: 117,68,75
252: 196,148,195,145
253: 143,17
254: 280,227,366
255: 203,178,229,205,102
256: 320
257: 342,344,259,400
258: 346,203,180,285
259: 257,127,400
260: 404
261: 176,152,404
262: 465
263: 208
264: 495,555
265: 
800: 
267: 86,158
268: 
269: 324
270: 109,134,159,49,327
271: 132,416
272: 
273: 184,137,387
274: 238,386
275: 243
276: 222,391,307
277: 446,392,450,420
278: 220,219,363
279: 431,250
280: 254,369,199
281: 511,545,367
282: 367,427,197,484
283: 149,343,227
284: 314,313,431
285: 180,232,258,286
286: 316,285,207
287: 230
288: 496,522,409,379,464
289: 573,370,463
290: 
291: 376,379,522
292: 408
293: 
294: 380,151
295: 325,245,239
296: 242
297: 238,415,298
298: 326,297,415
299: 137
300: 328,478
301: 243,360,332,305
302: 191,390,364,360,218
303: 215,475,447
304: 247,223,20
305: 477,332,418,301
306: 509,530,538
307: 391,276,220
308: 312,340,369
309: 425,337,426,363,423
310: 455,367
311: 313,428,461,515
312: 308,246,366
313: 314,284,311,201
314: 284,313,343,315
315: 432,343,314,374
316: 286
317: 177,153
318: 348
319: 321
320: 404,176,372,256
321: 319,235
322: 
323: 
324: 269
325: 295
326: 298,184
327: 270,139
328: 190,300,478,334
329: 510,479,448,477
330: 443
331: 111,416,190
332: 418,387,478,301,305
333: 20,248
334: 390,328,190,360
335: 241,389
336: 222
337: 365,219,363,309
338: 656,456,397
801: 766,746
340: 452,369,423,308
341: 205,59,77
342: 257,202,432
343: 149,283,315,314
344: 374,257,399,400
345: 372,173
346: 258,202,127,180
347: 554,438,351
348: 553,318
349: 552,429,544,493,517
350: 382,206
351: 438,467,347
352: 
353: 500,442,355
354: 
355: 353
356: 
357: 239
358: 529
359: 451,477,448
360: 243,301,390,334,302
361: 118,218,191,223
362: 646
363: 423,337,278,219,309
364: 390,218,302
365: 424,337,393,419,219
366: 395,312,254
367: 427,282,310,281
368: 199,369,511
369: 340,308,280,199,368
370: 515,461,289,463,571
371: 168,227,149,226
372: 345,176,320
373: 428,575
374: 344,315,432
375: 551,405
376: 291
377: 547,523
378: 
379: 409,291,522,288
380: 294
381: 437,547,523,525
382: 350
383: 
384: 238
385: 132,160
386: 274
387: 332,447,273,215
388: 613,414,444
389: 160,111,335,159
390: 364,334,139,360,302
391: 307,419,216,276
392: 530,450,538,277,506,596
393: 365,424,451,419
394: 426,449
395: 366,195,196
396: 
397: 488,338,456,489
398: 460,461,201,571
399: 400,344,460
400: 399,257,344,259
401: 515,428,459
402: 519,517
403: 522
404: 260,320,176,261
405: 375
406: 463,571,551
407: 524,526
408: 292,467
409: 379,288,436,435
410: 
411: 
412: 693,615
413: 474
414: 471,613,388
415: 297,298,137,184
416: 271,111,331
417: 533,421
418: 332,447,305,477
419: 391,216,365,393
420: 426,277,424
421: 417,616,531
422: 533,445,565,510,505
423: 363,425,309,340,452,430
424: 365,393,451,420
425: 453,309,426,423,430
426: 420,394,425,309
427: 367,282,484
428: 373,311,515,401
429: 552,544,349,488,520,628
430: 545,423,453,425,452
431: 279,284
432: 315,342,374
433: 547,573,491
434: 581,577,518,709
435: 464,409
436: 409,179
437: 381,519,547
438: 351,467,347
439: 635,580,578
440: 
441: 
442: 353
443: 502,330
444: 588,388
445: 422,533
446: 277,479,448,451,450
447: 418,387,303
448: 329,479,359,446
449: 541,624,394,516
450: 392,530,479,649,277,446
451: 359,446,424,393
452: 340,423,430
453: 425,541,430
454: 458
455: 485,310,541,545
456: 512,535,656,338,397,489
457: 520,484
458: 454,539,486
459: 401
460: 398,399
461: 201,311,370,515,398,571
462: 682,606,652,599,521
463: 406,571,370,289
464: 435,288,527,554
465: 179,262
466: 497,556
467: 438,351,408
468: 553,524
469: 526
470: 
471: 414
472: 557
473: 
474: 413
475: 215,303
476: 
477: 305,418,329,359
478: 328,300,332
479: 510,329,448,649,505,446,450
480: 
481: 669,675,653,674,591
482: 701,598,543,512
483: 539,516,624
484: 603,427,282,457
485: 455,541,486
486: 539,624,485,458
487: 648,619,536,569
488: 397,520,429,628
489: 514,600,512,456,397
490: 194,198,168
491: 493,519,573,433
492: 554,635
493: 491,519,517,349
494: 609,608,660,750
495: 555,264
496: 522,288,527
497: 466
498: 637
499: 
500: 353
501: 594,641
502: 443,613
503: 643,594,620,667
504: 509,565
505: 649,422,565,510,479
506: 392,538,596
507: 529,560
508: 601,543,564,570
509: 504,530,306
510: 329,479,422,505
511: 545,368,281
512: 535,456,482,489,600
513: 690,645,670
514: 489,600,680,628
515: 370,401,311,428,461
516: 596,624,449,483
517: 493,519,402,544,349,602
518: 709,434
519: 493,491,517,402,437
520: 488,457,552,429
521: 602,682,462,606
522: 496,288,291,403,379
523: 632,547,381,377
524: 407,468
525: 381,610,579
526: 469,407
527: 496,464,554
528: 
529: 507,358
530: 392,450,538,649,509,306
531: 616,421,619
532: 534,559,668
533: 422,445,565,563,417
534: 532,558
535: 512,456,656
536: 695,487,540,569
537: 597,562,719,672
538: 392,530,506,306
539: 486,483,458
540: 569,595,536,566
541: 624,449,453,455,485
542: 675,622,648,595
543: 601,508,482
544: 429,349,628,517
545: 511,430,455,281
546: 657,655,683,629
547: 433,437,381,377,523
548: 679,657,723,728,627
549: 679,729
550: 663,605
551: 406,375
552: 429,349,520
553: 468,348
554: 492,527,347,464
555: 495,264
556: 466
557: 472
558: 756,534
559: 668,667,532
560: 507
561: 
562: 623,537,735
563: 533
564: 508
565: 422,533,505,504
566: 645,540
567: 
568: 674,591,744
569: 540,595,536,648,487
570: 593,653,674,601,508
571: 463,406,461,370,398
572: 680,628
573: 289,491,433
574: 629,705,704,789
575: 197,603,373
576: 681,727
577: 581,434,579,686
578: 663,439
579: 525,577
580: 605,635,439
581: 434,577,634,686,685
582: 664,637
583: 
584: 752
585: 
586: 
587: 
588: 639,444
589: 614,737
590: 614,618,718
591: 674,568,481
592: 676,673
593: 570,653,622,646
594: 503,643,501
595: 540,569,675,542
596: 516,392,506
597: 537,672,676
598: 601,744,482,701,621
599: 655,462,606
600: 489,514,512,604
601: 598,543,508,570,744
602: 521,517,606
603: 484,575,197
604: 600
605: 580,632,550
606: 462,599,602,521
607: 659,610
608: 686,494
609: 685,684,494
610: 607,659,525
611: 
612: 665,689
613: 388,502,414
614: 589,737,590
615: 668,666,412
616: 531,695,421
617: 737,756,691
618: 623,590,719,718
619: 487,531
620: 667,503
621: 698,598,744,701
622: 675,542,646,593,653
623: 562,618,719
624: 541,449,516,486,483
625: 699,765,704
626: 673,699
627: 728,548,729,703
628: 572,488,514,429,544
629: 574,705,683,546
630: 700,725,799
631: 702,762
632: 523,605
633: 
634: 581,748,685,684
635: 439,580,492
636: 660
637: 498,638,582
638: 637
639: 588,643,667
640: 
641: 501
642: 736,755
643: 503,594,639
644: 694,692
645: 670,513,566
646: 362,622,593
647: 697
648: 487,569,542
649: 505,479,530,450
650: 770,742
651: 678,677,717
652: 682,462,679
653: 570,593,675,622,481,674
654: 793,725
655: 546,599,679
656: 338,535,456
657: 546,705,723,548
658: 711,727,661
659: 607,610
660: 636,494,750
661: 710,658,711
662: 
663: 550,578
664: 582
665: 612,689
666: 615,668
667: 620,639,559,503
668: 615,666,559,532
669: 481,675,735
670: 645,671,513,690
671: 670
672: 597,537,697,676
673: 626,592
674: 591,568,481,570,653
675: 542,622,595,669,481,653
676: 697,597,672,592
677: 651,717,739
678: 651,741,721
679: 548,655,652,549
680: 572,514
681: 576,703
682: 462,652,521
683: 629,546
684: 609,685,634,748
685: 609,684,581,634
686: 608,581,577
687: 
688: 
689: 665,612
690: 513,670
691: 617
692: 771,644
693: 412
694: 644,736
695: 616,536
696: 
697: 676,672,647
698: 704,621,701
699: 625,626,747
700: 761,630,779,769
701: 482,598,698,621
702: 789,705,631
703: 681,729,627
704: 698,765,625,574,789
705: 629,574,702,657
706: 748
707: 726
708: 784
709: 518,434
710: 661
711: 658,661
712: 738
713: 
714: 
715: 754,740
716: 
717: 651,677,739,777
718: 719,590,618
719: 718,623,618,537
720: 792,721
721: 720,678,741
722: 797
723: 657,548,728
724: 780
725: 761,630,654,793
726: 731,707
727: 576,658
728: 627,723,548
729: 703,627,549
730: 
731: 726,767
732: 
733: 
734: 
735: 562,669
736: 642,694
737: 617,589,614
738: 712,770
739: 677,717,747
740: 754,715
741: 678,721
742: 650
743: 777,747,765
744: 568,601,598,621
745: 788,796
746: 801
747: 743,739,699
748: 706,634,684
749: 
750: 494,660
751: 
752: 584
753: 
754: 715,740
755: 642
756: 558,617
757: 
758: 
759: 
760: 775
761: 700,725,783,769
762: 799,631
763: 780
764: 
765: 625,704,743,789
766: 801,799
767: 731
768: 784
769: 761,700
770: 650,738
771: 692
772: 
773: 796,781
774: 797
775: 760,776
776: 775
777: 743,717
778: 
779: 700
780: 763,724,799
781: 792,773
782: 
783: 761
784: 768,708
785: 
786: 
787: 
788: 745
789: 702,704,765,574
790: 
791: 
792: 720,781
793: 654,725
794: 
795: 
796: 773,745
797: 774,722
798: 
799: 762,780,766,630