0: 
1: 
2: 
3: 
4: 
5: 
6: 34,133,48
7: 
8: 36,27
9: 11
10: 
11: 9
12: 
13: 120
14: 
15: 135
16: 
17: 103
18: 94,100
19: 
20: 138,166,72,224
21: 32,221
22: 36
23: 170,116,60
24: 76,60,40
25: 44
26: 28
27: 8,36,74
28: 26
29: 
30: 
31: 161
32: 21
33: 
34: 133,6
35: 
36: 22,8,27
37: 
38: 
39: 174,99,150
40: 24
41: 97,123,59
42: 58
43: 
44: 25,63
45: 128,125
46: 
47: 69
48: 67,52,133,6
49: 142,163,162
50: 186,113,134,213
51: 53
52: 67,48,71
53: 143,51,91
54: 
55: 103
56: 96,68
57: 153,207,150,126
58: 42
59: 198,41
60: 124,24,23
61: 
62: 125
63: 44
64: 
65: 
66: 
67: 52,48,133
68: 72,56,192,224
69: 47
70: 88,244
71: 95,52
72: 68,191,20,166
73: 116,170,122
74: 27
75: 79
76: 124,24
77: 99,121,229
78: 225,146,121,99
79: 75,103
80: 
81: 
82: 204,155
83: 179,233,262
84: 106
85: 175
86: 385,325,386
87: 108
88: 162,70
89: 
90: 191,247
91: 53
92: 98,171,122
93: 100
94: 18
95: 71,161
96: 56,253,117
97: 170,225,41
98: 92
99: 77,78,121,39,172
100: 18,93
101: 174
102: 341,258,198
103: 17,55,79
104: 206
105: 177,154
106: 84
107: 
108: 87
109: 163,327
110: 
111: 213,270
112: 
113: 134,50
114: 
115: 189,218,167
116: 73,23
117: 192,253,96
118: 304,166,223,222
119: 249,169,194
120: 13
121: 78,99,77
122: 73,92,170
123: 194,228,41
124: 76,60,146
125: 62,45
126: 172,150,207,57
127: 200,346
128: 45
129: 
130: 
131: 152,233,231,261
132: 
133: 34,67,48,6
134: 113,50,213
135: 15,186
136: 267,272
137: 416,159,160,300
138: 304,20,248,333
139: 167,164,218,302
140: 143
141: 
142: 49
143: 53,140
144: 251,224,192
145: 196,148,193,249
146: 78,124
147: 490,252,249,196,195
148: 145,196,193,248,246
149: 374,201,344
150: 39,126,172,57
151: 181
152: 131,233,261,320
153: 207,57
154: 181,105
155: 204,82,230,261
156: 
157: 214
158: 240
159: 137,416,271,389,160
160: 331,137,159,389,335
161: 31,95
162: 88,49
163: 109,49,189
164: 327,218,139
165: 217
166: 118,20,191,247,223,72
167: 139,115,276
168: 227,195
169: 171,251,119
170: 23,73,97,122
171: 169,92
172: 126,99,150
173: 259,180,176,372
174: 39,101
175: 85
176: 180,173,320
177: 105
178: 255,229,285,286
179: 83,436
180: 200,316,173,176
181: 154,151
182: 
183: 
184: 273
185: 
186: 50,135
187: 
188: 212,296
189: 115,163
190: 335
191: 90,247,72,166
192: 117,68,251,144
193: 248,145,148
194: 123,119,252
195: 196,246,147,168
196: 145,195,148,249,246,147
197: 369,340,368,281
198: 59,228,102
199: 250,312,395,227
200: 180,127,316,286
201: 374,149,315,313
202: 342,258,205,257
203: 316
204: 155,82
205: 341,490,342,202
206: 104
207: 153,57,126
208: 235
209: 290,287
210: 
211: 
212: 188,296,295
213: 111,134,50
214: 157
215: 387,510,305
216: 223,276,364,361,222
217: 165
218: 164,327,115,139
219: 278,307
220: 307,361
221: 21
222: 216,223,118
223: 247,216,276,222,118,166
224: 144,68,20
225: 78,97
226: 342,371,315
227: 168,199
228: 123,252,198,341
229: 178,77
230: 261,155
231: 131,233
232: 344,259,372,400
233: 131,152,231,262,83
234: 
235: 378,208
236: 
237: 
238: 355,476,353
239: 353,357,245
240: 158
241: 
242: 
243: 301,334,390,360,477
244: 70
245: 239
246: 395,248,254,196,195,148
247: 223,276,191,90,166
248: 193,138,366,333,148,246
249: 119,145,196,147
250: 199,312,369,279
251: 144,192,169
252: 147,194,228,341
253: 96,117
254: 366,395,246
255: 178,285
256: 405,400,345,260,465
257: 258,202,346
258: 102,202,257
259: 173,346,344,232
260: 345,320,256
261: 230,155,131,152
262: 233,83
263: 292,351
264: 470,467
265: 
800: 787,788
267: 136
268: 
269: 324
270: 389,335,111
271: 385,416,159
272: 136
273: 184,415
274: 297
275: 448,424,477,365,393
276: 247,216,223,167,364
277: 394,449,306,541,426
278: 219,308
279: 369,250,484
280: 312
281: 367,282,430,197
282: 281,367,310
283: 284,343
284: 283,338,311
285: 178,255,286
286: 316,178,285,200
287: 290,209
288: 409
289: 551,463,377
290: 209,287
291: 464,396
292: 351,263
293: 382,410
294: 
295: 212,296,325
296: 212,188,295
297: 274
298: 
299: 416
300: 331,137
301: 328,243,478
302: 390,361,334,139,364
303: 510,533
304: 118,138,336,333
305: 215,418,332
306: 483,450,449,277
307: 220,219
308: 336,278,366,333
309: 426,419,452,425,545,511
310: 656,455,367,282
311: 284,314,370
312: 250,199,280,369
313: 460,314,201
314: 460,313,311,370
315: 343,371,226,201
316: 203,286,200,180
317: 380
318: 466,439
319: 465,404,379,436
320: 345,372,260,176,152
321: 
322: 
323: 495
324: 269
325: 295,86
326: 507,510
327: 164,218,109
328: 301
329: 446,422,332,479
330: 354,560,358
331: 160,300
332: 418,422,305,451,329
333: 366,304,138,336,308,248
334: 243,302,390
335: 270,160,190
336: 308,304,333
337: 423,452,391
338: 373,484,284
801: 745,779
340: 368,369,197
341: 102,205,228,252
342: 226,202,205
343: 315,431,283
344: 346,374,149,259,232
345: 372,320,260,256,400
346: 344,257,127,259
347: 522,492
348: 499
349: 544,520,402,606
350: 
351: 292,263
352: 
353: 239,357,238
354: 330,443
355: 238,384
356: 442,443
357: 353,239
358: 529,447,330
359: 448,477
360: 477,243,390,365
361: 302,390,364,216,220
362: 569,648,506,539,538
363: 393,394,419
364: 302,361,216,276
365: 360,275
366: 254,333,308,248
367: 281,282,430,310
368: 340,430,197
369: 197,279,340,250,312
370: 461,428,311,314
371: 226,315
372: 345,320,173,232
373: 338,457
374: 149,201,344,460,399
375: 463
376: 464,405,379
377: 492,289,381
378: 235
379: 376,464,319,465,435
380: 317
381: 519,433,377,632
382: 293
383: 442
384: 355
385: 86,271,416
386: 86
387: 215,478
388: 412,639,588
389: 270,159,160
390: 302,361,334,243,360
391: 393,337
392: 479,450,530,504,483
393: 363,391,275
394: 449,277,363,426,419
395: 246,254,199
396: 522,291,464
397: 604,489,488
398: 461,515,571
399: 403,374,460,432
400: 256,405,403,232,345
401: 520,493
402: 493,349,606
403: 399,432,400
404: 319,465
405: 256,400,376,465
406: 571,432
407: 439,467,553
408: 
409: 288
410: 293
411: 
412: 503,388,588,474,615
413: 
414: 471
415: 529,273
416: 137,159,385,299,271
417: 444,473,421
418: 422,332,305
419: 309,363,394,452
420: 446,451,424,449
421: 565,417,445
422: 418,332,505,649,329
423: 337
424: 448,275,420,451
425: 485,309,426,545
426: 309,394,277,541,425,485
427: 429,575,456,489
428: 461,370,603,459
429: 575,457,427,552
430: 545,368,281,367
431: 343
432: 571,406,403,399
433: 547,491,381
434: 579,581,660
435: 379
436: 319,179
437: 607,521,602,519
438: 524
439: 468,407,318
440: 
441: 497,555
442: 356,383
443: 356,354
444: 417,639,643
445: 563,473,421
446: 420,451,329,450,449
447: 358,529,475
448: 275,424,359,477,451
449: 394,277,446,420,450,306
450: 479,392,446,449,306
451: 446,420,332,448,424
452: 337,309,419,511
453: 564,516
454: 535,512
455: 458,486,310,656
456: 598,656,427,489
457: 429,575,373,603
458: 455
459: 573,603,428
460: 314,313,374,399,571
461: 370,428,515,398
462: 655,574,517
463: 522,375,289
464: 376,291,396,379
465: 319,404,256,405,379
466: 318,553,499
467: 470,264,468,407
468: 439,467
469: 578,580
470: 264,467
471: 414
472: 
473: 417,445
474: 588,412
475: 507,447
476: 238
477: 360,243,448,275,359
478: 387,301
479: 450,392,649,530,329
480: 623,561,487
481: 601,675,646
482: 543,512,598,604
483: 306,392
484: 279,338
485: 425,624,541,426,516
486: 455,656,598,512
487: 619,531,480
488: 628,604,397,544
489: 604,397,456,598,427
490: 147,205
491: 493,433
492: 377,632,527,347,550
493: 402,491,520,401
494: 660,581,608
495: 323,555
496: 527,635
497: 441,555
498: 688
499: 348,526,466
500: 
501: 565,620,531
502: 
503: 412,615,594
504: 530,509,392,506
505: 649,563,533,422
506: 567,509,648,504,362
507: 326,475
508: 593,601,621,570
509: 619,504,506
510: 303,326,215,533
511: 452,309
512: 482,486,454,598
513: 690,671,590,737
514: 628,543,600,680
515: 461,398,573,551
516: 453,564,624,596,485
517: 606,462,518
518: 606,517,602,659
519: 381,607,437
520: 401,349,493
521: 607,437,577
522: 463,396,347
523: 632,525,550
524: 554,438
525: 523
526: 499
527: 496,492,635,550
528: 
529: 358,447,415
530: 649,479,392,504
531: 619,487,501
532: 616,667,534,691
533: 563,303,510,505
534: 667,532,691,756
535: 593,564,454
536: 562,537
537: 690,536,562
538: 596,539,648,362
539: 538,362,564
540: 569,542,669
541: 624,277,426,485
542: 569,540,675,646
543: 482,600,514
544: 349,488
545: 430,309,425
546: 629,683,702,705
547: 433,573,551
548: 729,705,627
549: 
550: 492,632,523,527
551: 515,573,547,289
552: 429
553: 466,407
554: 524,580
555: 441,497,495
556: 
557: 
558: 668
559: 667,594
560: 613,330
561: 616,480,623,645
562: 566,536,537,597
563: 445,533,565,505
564: 453,516,539,535
565: 501,421,563
566: 562,595,735
567: 506,619
568: 570,626,744
569: 362,540,542
570: 568,621,508,744
571: 432,406,460,398
572: 680,628,574
573: 459,515,551,547
574: 655,462,572
575: 429,457,427
576: 726,703
577: 709,659,521
578: 469,686,663
579: 434,684,634
580: 663,635,554,469
581: 605,434,494,660,608
582: 
583: 637,636
584: 
585: 
586: 
587: 716
588: 474,412,388
589: 756,671
590: 642,670,513,737
591: 735,592
592: 653,591,676
593: 535,601,508
594: 615,503,559
595: 669,566
596: 538,624,516
597: 735,562
598: 456,486,482,512,604,489
599: 600,744,701,680
600: 599,543,514,680
601: 481,621,593,646,508
602: 606,518,437,659
603: 457,428,459
604: 397,489,598,482,488
605: 581,686
606: 517,602,349,402,518
607: 521,437,519
608: 581,686,494
609: 727,711
610: 
611: 636
612: 666
613: 560
614: 734,617,670,642
615: 594,412,503
616: 532,561,667,641
617: 668,614
618: 718,690
619: 487,531,509,567
620: 501
621: 601,508,570
622: 653
623: 480,561,645
624: 541,596,485,516
625: 677
626: 568
627: 793,679,548
628: 488,514,572
629: 789,546,683,701
630: 783,766
631: 761,654,723,728
632: 523,381,492,550
633: 634,750
634: 633,579,660
635: 496,527,580,663
636: 611,583
637: 750,583
638: 
639: 388,444,643
640: 716
641: 667,616
642: 590,614,734
643: 639,444
644: 
645: 561,623
646: 542,601,481
647: 721,676,674
648: 506,538,362
649: 505,530,422,479
650: 712,770,738
651: 696
652: 705,655
653: 622,592
654: 723,705,631
655: 574,462,652
656: 310,455,486,456
657: 729,682
658: 700,726
659: 709,682,577,602,518
660: 494,434,581,634
661: 711
662: 
663: 580,635,686,578
664: 
665: 
666: 612,693
667: 559,641,534,532,616
668: 558,617
669: 595,540
670: 614,590
671: 513,589,695
672: 676,722
673: 701
674: 676,721,647
675: 542,481
676: 672,674,592,647
677: 625,699
678: 717,776
679: 627,729,681
680: 572,600,599,514,683
681: 706,679
682: 709,659,657
683: 629,546,680
684: 748,579
685: 748
686: 605,663,608,578
687: 
688: 498
689: 
690: 513,618,537
691: 756,534,532
692: 797
693: 666
694: 736,714,733
695: 671
696: 721,742,651
697: 738
698: 699,747
699: 698,677
700: 658,766
701: 673,599,629,789
702: 704,789,546,705,723
703: 706,576
704: 702,747,789
705: 652,546,702,654,548
706: 681,703
707: 782
708: 
709: 659,682,577
710: 
711: 661,727,609
712: 770,650
713: 
714: 694
715: 785
716: 640,587
717: 739,724,678
718: 618,737,797,755
719: 755,722,757
720: 741,781
721: 696,647,674
722: 719,672
723: 654,702,631
724: 717,739,765
725: 761,730,728
726: 576,658
727: 609,711
728: 730,725,631,793
729: 657,548,679
730: 728,725
731: 768
732: 
733: 694,774
734: 614,642
735: 591,597,566
736: 694
737: 718,590,513
738: 742,697,650,740
739: 717,724
740: 758,738
741: 720,781
742: 738,696
743: 747
744: 599,570,568
745: 801,792,746
746: 745,790
747: 698,704,743
748: 684,685
749: 769,767
750: 637,633
751: 
752: 
753: 
754: 
755: 718,719,757
756: 691,534,589
757: 719,755
758: 740
759: 
760: 775
761: 725,631
762: 
763: 779,780,795,799
764: 
765: 724
766: 799,630,700,769
767: 749
768: 731
769: 749,766
770: 712,650
771: 
772: 
773: 780
774: 733
775: 760
776: 678
777: 
778: 
779: 763,801,795
780: 773,763
781: 741,720
782: 707
783: 630
784: 
785: 715
786: 
787: 800
788: 800
789: 629,701,704,702
790: 746
791: 
792: 745
793: 627,728
794: 
795: 763,779
796: 
797: 718,692
798: 
799: 766,763