0: 
1: 
2: 
3: 
4: 
5: 54
6: 
7: 10
8: 
9: 37
10: 7
11: 120
12: 13,64
13: 12,64
14: 61,103,42
15: 
16: 
17: 221,51,73
18: 36,38
19: 
20: 68,249,96,192
21: 48,51
22: 
23: 76,94,101
24: 27,101
25: 
26: 44,64
27: 24,120
28: 
29: 65,47,133
30: 183,240,242
31: 69
32: 
33: 
34: 
35: 41,174
36: 18
37: 38,9
38: 37,18
39: 128,150,62,175
40: 43,74,61,103
41: 101,35,174
42: 14
43: 40
44: 26
45: 105,126
46: 
47: 29
48: 21
49: 95,70,52,165
50: 211,186,134
51: 21,143,17
52: 71,55,49
53: 94
54: 5
55: 71,52
56: 75,171
57: 99,62,85,172,105
58: 
59: 97,116,119
60: 100,80
61: 103,14,40
62: 99,57,78,39
63: 
64: 13,12,26
65: 29,108
66: 89
67: 
68: 20,115,118,249
69: 31,71
70: 95,49,167,165
71: 52,55,69
72: 191,115,138
73: 17,79
74: 40,103
75: 221,140,56
76: 23,101
77: 121,146
78: 125,146,150,99,62
79: 73
80: 60
81: 100,175
82: 106,85,180
83: 155,131,236,262
84: 
85: 175,57,105,82
86: 299,325,245,271
87: 
88: 162
89: 66,161
90: 142,189,141,139
91: 140,95,221
92: 96,192,145,170
93: 253,98,171,116
94: 53,23
95: 70,49,91
96: 92,20,192
97: 59,117,98,116,119
98: 117,253,93,116,97
99: 62,57,78,205,123
100: 60,81,128,175
101: 41,76,23,24
102: 205,123,229,200
103: 61,14,74,40
104: 294,206,181,237
105: 172,57,85,45
106: 82,180
107: 
108: 185,65
109: 134,241
110: 111,242
111: 242,136,110
112: 
113: 163,327,135
114: 
115: 72,191,118,68
116: 93,98,97,59
117: 253,98,145,122,97
118: 166,115,68,193
119: 125,146,97,59
120: 27,11
121: 124,77,174
122: 145,170,117,169,194,198
123: 102,205,99,127
124: 150,121
125: 146,119,78,225
126: 153,177,45
127: 177,123,172
128: 39,100,175
129: 182
130: 151
131: 379,290,83,262
132: 187
133: 29
134: 186,50,109
135: 162,113
136: 111,211
137: 389,273
138: 72
139: 216,244,142,90
140: 91,221,75
141: 142,189,90
142: 90,141,163,139
143: 221,51
144: 254,169,251,147,198
145: 122,92,117,253
146: 125,119,78,77,150
147: 251,198,144,228,226,255
148: 224,192,248,249,219
149: 257,342,316
150: 124,146,78,39
151: 181,237,130
152: 231,261,317,207
153: 126,177,207,230
154: 
155: 83,204,206,236
156: 
157: 267
158: 210
159: 164,272
160: 211
161: 89
162: 135,88
163: 113,327,213,142
164: 241,159,217
165: 70,49,167
166: 118,247,302,193,223
167: 70,165,189,191
168: 250,341,252,199,197
169: 144,122,170,198
170: 122,92,195,169
171: 253,93,56
172: 105,57,127
173: 226,255,202,229,200
174: 35,41,121
175: 85,39,128,100,81
176: 201,203,345,256,317,230
177: 127,153,126
178: 285
179: 
180: 106,82
181: 151,104,237
182: 129
183: 30,210,242
184: 270,416,328,215,303
185: 108
186: 134,50
187: 132,325
188: 
189: 90,141,167,191
190: 213,217,216,331
191: 72,115,189,167
192: 148,224,20,249,96,92
193: 219,166,118,223
194: 228,122,198
195: 254,196,224,170
196: 254,195,248,250
197: 371,283,168,252,340,199
198: 147,122,144,169,228,194
199: 279,227,168,341,251,283,197
200: 229,173,102
201: 176,203,345
202: 226,173,257
203: 176,201,230
204: 294,231,155
205: 102,123,229,225,99
206: 294,104,155,237
207: 317,230,153,152
208: 379,209
209: 380,262,321,379,208
210: 158,183
211: 50,136,160
212: 267
213: 190,217,163
214: 269,238
215: 328,274,270,184,273
216: 139,276,190,331
217: 190,213,164
218: 243,331,335,334
219: 193,223,308,148
220: 302,390,276,335,247
221: 143,17,91,140,75
222: 395,308,248,250
223: 304,308,166,302,219,193
224: 148,192,248,195
225: 229,125,205
226: 173,255,202,147
227: 279,199,283,286
228: 194,147,198,255
229: 225,173,255,102,205,200
230: 317,207,176,203,153
231: 152,204
232: 372,259,291
233: 261,290
234: 287,382
235: 259,320
236: 83,155
237: 104,206,181,151
238: 296,214,442,384
239: 385,268,296
240: 30
241: 164,109,327
242: 111,30,183,110
243: 326,389,274,218,334
244: 139,276,247
245: 272,86
246: 364,307,304,308,278
247: 166,276,244,302,220
248: 148,224,308,222,196,250
249: 68,20,148,192
250: 168,248,395,222,196
251: 147,254,144,341,279,199
252: 280,423,340,168,197
253: 117,93,98,171,145
254: 195,144,196,341,251
255: 226,173,228,147,229
256: 345,372,176,317,259
257: 286,342,202,149
258: 346,374,260
259: 235,372,256,232
260: 345,372,285,258
261: 152,233,290
262: 209,380,83,379,131
263: 408,407
264: 408,468
265: 
800: 759,777
267: 157,212
268: 296,239
269: 214
270: 271,184,273,215
271: 270,299,86
272: 245,159
273: 389,137,270,215,274
274: 328,215,389,273,243,326
275: 364,424
276: 216,244,331,335,247,220
277: 394,391,446,511
278: 337,246,307,395
279: 227,199,251,286
280: 423,252,340,338
281: 484,369,309
282: 493,402,461,401
283: 371,197,227,199
284: 490,314,370
285: 178,346,345,260
286: 257,342,279,227
287: 234,321,352
288: 465,404,347
289: 524,377
290: 131,261,233
291: 319,405,232
292: 438
293: 
294: 204,206,104
295: 299
296: 238,268,384,239
297: 384,442,383
298: 355
299: 86,325,295,271
300: 448,326
301: 303,448,387
302: 361,220,166,247,223,304
303: 301,184,416,328
304: 223,308,302,246
305: 360,390,361,333
306: 510,420,449,451
307: 364,246,337,278,336
308: 223,304,219,246,248,222
309: 426,368,425,281,484
310: 367,370,369,312
311: 312,430,490
312: 430,310,370,311
313: 346,374,315,460,343
314: 284,373,315,343
315: 373,316,314,313,346,343
316: 315,342,149,346
317: 207,230,176,256,152
318: 348,553,467
319: 291,400,320
320: 404,235,319
321: 209,380,352,287
322: 
323: 
324: 
325: 299,86,187
326: 243,274,300
327: 241,163,113
328: 215,274,184,303
329: 418,359,507,478
330: 358,387,421
331: 335,190,218,276,216
332: 359,477,420
333: 477,305
334: 360,218,243,335,390
335: 331,218,276,334,390,220
336: 366,307,337
337: 278,307,336,366
338: 366,280
801: 
340: 280,252,371,197,367
341: 168,254,251,199
342: 286,257,316,149
343: 460,315,314,313
344: 403,399,405,432,376,400
345: 260,372,256,285,176,201
346: 313,374,316,315,285,258
347: 435,464,288
348: 553,318
349: 551,437,525,607,550
350: 
351: 438,409,496,468
352: 321,287
353: 416,476,386
354: 355
355: 354,298,444
356: 413,471,529
357: 386,385
358: 330,387,421
359: 329,448,332,419
360: 334,390,305
361: 302,390,305
362: 596,483,538
363: 446,510,422,449
364: 246,307,275
365: 394,425,426
366: 336,425,337,338
367: 310,370,340,371
368: 309,485,455
369: 281,484,545,310
370: 367,310,312,284,490
371: 283,197,340,367,431
372: 345,260,256,232,259
373: 315,431,314
374: 313,346,405,258
375: 406,492,522
376: 400,344
377: 522,523,289
378: 
379: 131,208,209,262
380: 209,262,321
381: 580,523,494,581,469
382: 234
383: 472,297
384: 297,296,238
385: 239,357
386: 357,353
387: 330,358,476,301
388: 445,447
389: 137,273,274,243
390: 361,220,335,334,360,305
391: 451,393,277,394
392: 541,511,452,624,485,453
393: 451,391,424
394: 277,365,452,391,426
395: 222,278,250,423
396: 459,490
397: 454,458,455,489
398: 399,432
399: 403,344,460,398,432
400: 465,376,344,319
401: 463,402,282,515
402: 493,282,552,463,401
403: 399,344,460,405
404: 320,465,436,288
405: 374,403,344,291
406: 463,375,433,522
407: 263
408: 263,468,264
409: 438,351,435,496
410: 
411: 
412: 445,560
413: 471,356,474
414: 471,474,415
415: 471,414
416: 353,184,303
417: 560,501,475,532
418: 329,478,510,419,565
419: 510,418,359,420
420: 477,332,510,419,306
421: 330,358,530,507
422: 565,450,363
423: 280,252,395
424: 393,275
425: 366,365,426,309
426: 309,394,365,452,425
427: 544,575,598,517
428: 457,458,575
429: 573,457,488
430: 312,457,311
431: 373,371
432: 515,398,399,344,492
433: 551,463,406,525
434: 548,606,709,579,659
435: 347,524,438,409
436: 404
437: 579,349,518,550
438: 409,351,435,292
439: 470
440: 
441: 
442: 238,297
443: 502
444: 529,355
445: 473,388,412,560
446: 363,277
447: 388
448: 301,300,359
449: 451,510,306,363
450: 422,479,540
451: 449,391,306,393
452: 394,392,511,426,485
453: 516,482,392,624,455
454: 397,458,489,575
455: 485,368,482,453,397,489
456: 489,512,572
457: 428,430,429
458: 397,454,484,545,428
459: 488,396,461
460: 343,313,403,399
461: 571,488,459,493,282
462: 577,520,574,579,606
463: 406,401,402,552,433
464: 347
465: 400,404,288
466: 578,584,554,469
467: 497,318
468: 351,408,264
469: 527,580,381,466
470: 439
471: 413,356,474,415,414
472: 383
473: 445,560,530,475
474: 413,471,414
475: 532,473,560,417
476: 353,387
477: 420,332,333
478: 507,329,418
479: 450,540
480: 504,531
481: 569,568,542,539
482: 516,453,455,489
483: 596,362,509
484: 281,545,369,309,458
485: 455,452,392,368
486: 512,539,600,656,572,514
487: 594,648,595
488: 459,461,429
489: 456,455,482,397,454
490: 284,370,311,396
491: 547,552,577,551,518
492: 432,375
493: 402,282,571,461,519
494: 635,581,381,554
495: 553
496: 527,409,351
497: 467
498: 
499: 556,637
500: 
501: 417
502: 443
503: 
504: 480,506,594
505: 530,533
506: 533,563,504,564
507: 421,329,478
508: 624,538,568,516
509: 564,595,483
510: 419,306,418,420,565,449,363
511: 392,541,277,452
512: 486,456,572
513: 690,695,645
514: 570,543,486,600,656
515: 432,401
516: 482,453,624,508
517: 427,544,573,603
518: 551,491,577,437
519: 571,493,547
520: 577,462,521,574
521: 603,520
522: 377,375,406
523: 381,377,581
524: 580,289,435
525: 551,349,433
526: 605,578,554,608
527: 469,496
528: 
529: 444,356
530: 505,473,421
531: 620,641,563,480
532: 475,417,620
533: 506,505,563
534: 641,667,616
535: 596,569
536: 593,695,645,562
537: 617,589,691,590
538: 508,596,362
539: 486,481,542
540: 564,479,450
541: 392,511
542: 673,646,481,539
543: 514,570,600,676
544: 427,598,604,517,603
545: 484,369,458
546: 652,627,723
547: 491,519,577
548: 606,434,709,549,684
549: 657,705,548,606
550: 610,349,437,659
551: 349,433,518,491,552,525
552: 491,402,463,551
553: 348,495,318
554: 578,466,494,526
555: 
556: 582,663,499
557: 
558: 666,615
559: 587,667,617,616
560: 417,412,445,473,475
561: 669
562: 672,645,536
563: 620,531,533,506
564: 540,509,506,595
565: 422,418,510
566: 623,592,593,621
567: 648,592,690,695
568: 481,508
569: 481,535,649
570: 514,543,701,676,680,654
571: 573,461,519,493
572: 656,512,486,456
573: 571,429,517
574: 657,602,520,462,606
575: 427,598,454,428
576: 705,706,728
577: 520,462,547,491,518
578: 584,466,554,526,608
579: 437,462,606,434
580: 524,381,469
581: 494,635,607,523,381
582: 608,663,556
583: 609,708
584: 578,466,608
585: 
586: 
587: 667,559
588: 
589: 617,616,537,691
590: 735,537,670
591: 645,618,718
592: 648,567,695,566
593: 536,621,566
594: 648,487,504,595
595: 564,509,594,487
596: 362,483,535,538
597: 601,653,675,739,699
598: 427,544,575
599: 654,629,701,678,702
600: 626,486,514,543
601: 597,675,676
602: 652,627,574
603: 521,544,604,655,517
604: 655,544,628,603
605: 526,632,686
606: 548,434,462,549,574,579
607: 349,632,635,581
608: 582,526,578,584
609: 583,710,708
610: 632,550,659
611: 
612: 639,666
613: 639
614: 642,670,668
615: 666,558,667
616: 589,667,559,534
617: 589,537,559,642
618: 591,715,735,671,718
619: 691,669,735,690
620: 643,531,532,563
621: 593,566,623,646,647
622: 699,701,676,625
623: 566,649,621,646
624: 508,392,516,453
625: 678,622,721,701
626: 600,673,675
627: 546,652,602,655
628: 680,604,655
629: 654,599,702,723,744
630: 707,725,730
631: 682
632: 610,607,635,605
633: 686,660,636
634: 684,636,685
635: 494,581,607,632
636: 634,686,660,633
637: 499
638: 688,687
639: 613,612,666
640: 
641: 534,531
642: 614,668,617
643: 620
644: 
645: 591,513,536,562
646: 673,542,623,621,647,675
647: 653,675,621,646
648: 594,567,592,487
649: 623,569
650: 672,696,674,719
651: 721,698,789,779
652: 546,627,602,679
653: 647,597
654: 599,629,570,680
655: 604,628,603,627
656: 572,486,514
657: 549,574,705
658: 766,784
659: 434,709,550,610
660: 633,636,685
661: 710,729,727,731
662: 
663: 582,556
664: 
665: 
666: 615,612,639,558
667: 587,559,615,534,616
668: 716,614,642
669: 619,691,561,690
670: 614,590
671: 618,718
672: 562,650
673: 542,646,675,626
674: 719,650,722,696,697
675: 647,673,646,626,601,597
676: 701,601,622,570,543
677: 724,704,743
678: 625,701,599,702
679: 723,652
680: 628,570,654
681: 793,683,747
682: 684,631
683: 793,747,681,728
684: 682,548,709,634
685: 708,634,660
686: 633,636,605
687: 638
688: 638
689: 693
690: 695,513,619,669,567
691: 619,669,589,537
692: 718
693: 689
694: 756
695: 690,513,567,592,536
696: 739,650,674
697: 720,722,674
698: 758,757,651,720,779
699: 739,622,597
700: 706
701: 676,622,570,625,678,599
702: 678,599,629,744,747
703: 
704: 743,765,724,677
705: 576,657,549
706: 728,576,700
707: 630
708: 685,710,609,583
709: 548,434,684,659
710: 729,661,708,609
711: 750,748
712: 717,770
713: 
714: 
715: 735,618
716: 734,668
717: 712,770
718: 692,671,591,618
719: 738,674,650,755
720: 697,738,758,698
721: 651,625
722: 739,674,697
723: 679,629,546,744
724: 789,760,677,704,762
725: 630,730
726: 731,784
727: 729,661,731
728: 706,683,576
729: 710,661,727
730: 630,725,793
731: 784,727,726,661
732: 
733: 772,775
734: 716
735: 715,590,619,618
736: 737,770,775
737: 736,775,774
738: 719,797,720
739: 722,696,597,699
740: 786,798
741: 781,745,746
742: 760,761,745
743: 704,677,747
744: 747,629,702,723
745: 741,781,742,746,761
746: 761,762,741,745,763
747: 683,744,681,702,743
748: 711
749: 
750: 711
751: 768
752: 
753: 
754: 
755: 797,719
756: 694
757: 758,698,779
758: 757,698,720
759: 800,777
760: 742,779,724
761: 746,762,742,745
762: 746,761,724,765
763: 780,765,746
764: 794,795
765: 704,762,763,780
766: 782,658
767: 
768: 769,751
769: 768
770: 717,712,736
771: 
772: 733
773: 
774: 797,737
775: 737,736,733
776: 
777: 759,800
778: 
779: 760,651,757,698
780: 763,765
781: 741,745
782: 766
783: 
784: 731,726,658
785: 
786: 740
787: 
788: 
789: 724,651
790: 792,791
791: 790
792: 790,796
793: 683,681,730
794: 764
795: 764
796: 792
797: 774,755,738
798: 740
799: 