0: 
1: 
2: 
3: 
4: 
5: 
6: 
7: 
8: 10
9: 24,37
10: 8
11: 22,23,74,101
12: 
13: 
14: 101,74,59
15: 46,47
16: 
17: 36,94
18: 38,120
19: 
20: 96,91,221
21: 48
22: 11,23
23: 53,11,22
24: 9,37,35
25: 128,43
26: 64
27: 
28: 
29: 108,65,46
30: 136,160
31: 50,88
32: 54,48
33: 
34: 
35: 24,37
36: 17,73
37: 94,9,24,35
38: 18,53
39: 150,85
40: 
41: 120,76
42: 60,101
43: 61,60,25
44: 80,58
45: 84,82,104
46: 15,29,65
47: 15
48: 21,112,32,71
49: 69,70,138,95
50: 67,161,31,89
51: 52,143,96,140
52: 70,55,138,143,51
53: 38,23
54: 32
55: 70,52
56: 253,93,221,171
57: 146,77,78,99
58: 44
59: 14
60: 61,43,42
61: 43,60
62: 153,175,105
63: 128
64: 26
65: 29,108,46
66: 
67: 186,50
68: 115,166,92
69: 88,49,142,95,165
70: 52,55,71,49,138
71: 48,112,70
72: 115,165,95
73: 36
74: 11,101,14
75: 117,93
76: 174,120,79,98,41
77: 57,174,119,78
78: 57,77,99
79: 98,120,116,76
80: 44
81: 
82: 84,45
83: 379,155,262
84: 106,82,45,104
85: 100,39
86: 210,183
87: 
88: 69,31,189
89: 161,50,112
90: 115,167,191,118
91: 140,20
92: 224,148,68,192
93: 221,75,117,56,116
94: 37,17
95: 138,69,49,165,72
96: 140,20,51,117
97: 123,251,122,225,229
98: 79,116,194,76
99: 124,78,103,57
100: 85,175
101: 14,11,74,42
102: 125,205
103: 124,99
104: 45,84
105: 62,153,152
106: 84,180
107: 
108: 29,65
109: 134,113,211
110: 
111: 187,188,272
112: 48,161,89,71
113: 134,109,164,216
114: 
115: 72,90,68
116: 253,194,93,79,98
117: 75,96,93,221
118: 191,246,90,249
119: 121,123,146,77
120: 18,79,41,76
121: 119,253,194,122
122: 145,171,253,121,97
123: 97,119,146,226
124: 99,103
125: 205,102,172
126: 230,127,177,176
127: 230,126
128: 25,63
129: 
130: 294
131: 262,236,237
132: 242
133: 186
134: 113,109,211
135: 216,162,163,189
136: 185,30
137: 159,213,245,190,139
138: 95,143,49,70,52
139: 244,137,159,190,163
140: 96,91,143,51
141: 142,163,189,167
142: 141,189,69,165,167
143: 138,52,51,140
144: 145,251,148,170,254
145: 251,144,171,122
146: 57,119,123,173
147: 255,228,229,197,279
148: 92,224,192,144,170
149: 372,345,315,285,317
150: 172,39,153
151: 
152: 207,105,180
153: 62,150,105
154: 204,155
155: 154,83
156: 182
157: 212
158: 
159: 137,163,139
160: 30
161: 50,112,89
162: 135,216,189
163: 141,135,159,139
164: 113,216,213
165: 72,167,69,142,95
166: 249,68,192,219
167: 165,90,141,142
168: 337,338,280,227
169: 223,248,250
170: 254,195,148,192,248,144
171: 145,122,224,56,253
172: 150,125
173: 226,146
174: 76,77
175: 100,62
176: 256,230,126,201
177: 285,203,126
178: 228,226,205,200
179: 435,259
180: 152,106
181: 206
182: 156
183: 240,86
184: 416,271,299
185: 136
186: 67,133
187: 111
188: 242,111,272
189: 141,142,135,162,88
190: 245,217,137,244,139
191: 118,246,247,276,90
192: 219,166,92,148,248,170
193: 308,249,219,223
194: 253,116,98,121
195: 170,254,198,199,196
196: 199,338,195,337
197: 341,252,279,147,283
198: 254,195,251,199,225
199: 196,338,195,198,279
200: 255,178,202
201: 256,176,317
202: 316,255,257,200
203: 315,177,285
204: 154,207,261,231
205: 125,102,178
206: 181,237
207: 152,261,204
208: 378,380
209: 290,233
210: 86
211: 134,109
212: 214,157
213: 137,164,327,245
214: 212
215: 327,273,245,217,389
216: 135,162,113,164
217: 245,190,215,243,218
218: 220,217,243,331
219: 192,166,193,248
220: 218,276,244,302
221: 93,20,117,56
222: 365,304,223
223: 169,248,193,222
224: 92,148,171
225: 229,251,198,97
226: 173,123,228,178
227: 371,338,168,341,252
228: 178,147,229,226
229: 225,97,228,147
230: 127,126,176
231: 320,261,235,204
232: 291,317,259,372,260
233: 407,290,209
234: 382,378,380,293
235: 261,256,231,320
236: 131,380,293
237: 131,206
238: 385
239: 298,355,385,357
240: 183
241: 271,299,325
242: 188,132
243: 274,332,389,217,218,331
244: 139,190,220,276
245: 217,190,327,215,137,213
246: 191,118,302,249,308
247: 276,191
248: 169,223,192,219,170
249: 166,118,246,193,308
250: 395,278,169,337
251: 145,144,254,198,97,225
252: 341,197,279,227
253: 56,116,194,171,122,121
254: 170,195,198,251,144
255: 147,257,200,202
256: 261,235,176,201
257: 283,255,286,316,202,342
258: 315,316,345,400
259: 232,291,179
260: 372,405,319,232
261: 235,256,207,204,231
262: 131,83,379
263: 
264: 470,265
265: 352,264
800: 777
267: 
268: 386,325
269: 
270: 273,271
271: 299,241,184,270
272: 188,111
273: 270,215,300,389
274: 332,243,328,389,300
275: 361,365,304,306
276: 220,244,247,191,302
277: 307,306,365,364
278: 250,395,423,337
279: 197,252,199,147
280: 371,312,168,309,340
281: 424,366,423,309,368
282: 459,430,311,396
283: 257,341,197,284,286
284: 373,286,341,283
285: 177,203,315,149
286: 284,257,283,342
287: 407,318,321
288: 289,404,435
289: 288,438,375,464
290: 209,233
291: 232,317,259
292: 347,407,318
293: 236,380,234
294: 130
295: 
296: 297
297: 296
298: 355,239,529,354
299: 271,241,325,184
300: 273,326,274,389
301: 303,330,326
302: 220,276,246,361
303: 330,301,326,476
304: 365,222,275,361,308
305: 390,335,334
306: 277,275,333,365
307: 277,364,424
308: 193,246,249,304
309: 368,281,423,280,340
310: 340,367,369,457,396
311: 459,282,398
312: 371,280,367,373,490
313: 373,370,314,342,346,343
314: 342,346,313,400
315: 316,258,203,285,149,345
316: 315,202,258,257,342
317: 232,291,201,149,372
318: 407,292,287,321
319: 376,260,436
320: 379,231,235
321: 318,287
322: 410,411
323: 
324: 472
325: 268,299,241
326: 303,301,416,300
327: 215,213,245
328: 274,332,359
329: 360,448,419
330: 303,301,387,358
331: 390,332,243,218
332: 274,243,328,359,331,390
333: 334,451,306
334: 333,305,335,477,451
335: 360,390,305,334
336: 362,363,425,394,392
337: 168,250,278,196,338
338: 199,196,168,337,227
801: 742,779,698
340: 367,310,309,280
341: 197,252,371,227,283,284
342: 314,257,286,313,316
343: 374,313,370,346
344: 463,433,465,376,522,349
345: 149,372,315,258,405
346: 314,313,374,343,400
347: 292,438
348: 580,496,466
349: 377,344,433,552,523
350: 410,411
351: 469,408
352: 265
353: 416,357,386
354: 502,298
355: 298,239,529,357
356: 414,444,387
357: 386,355,239,353
358: 387,330,530
359: 448,332,328,360
360: 329,335,359
361: 275,302,304
362: 336,391,393,363
363: 362,336,392
364: 365,277,307,424
365: 364,304,222,275,277,306
366: 424,281,425,368
367: 340,310,312,396,431,490
368: 309,366,281,426
369: 454,310,457,545
370: 431,490,373,313,343
371: 280,312,227,341
372: 149,345,405,232,317,260
373: 284,313,312,370,490
374: 403,343,346,460
375: 522,404,289,464
376: 465,319,344,436
377: 522,349,409
378: 380,208,234
379: 83,320,262
380: 378,208,236,293,234
381: 468
382: 234
383: 502,384
384: 383
385: 238,239
386: 357,268,353
387: 358,356,330
388: 444,473
389: 274,243,273,215,300
390: 331,305,332,335
391: 362,451,420,393
392: 511,336,363,394
393: 451,362,391
394: 425,426,336,392,455
395: 250,278,423
396: 457,367,310,431,282
397: 489,484,456,427
398: 460,399,515,459,311
399: 515,398,402,432,492
400: 405,258,314,346
401: 547,519,517,491,518
402: 547,399,518,493,492
403: 374,460,465,463
404: 436,375,435,288
405: 400,372,345,260
406: 494,523,554
407: 233,318,292,287
408: 351
409: 464,377,496
410: 322,350
411: 322,350
412: 557,588
413: 502
414: 356,529,415
415: 414
416: 184,353,326
417: 615,616,643
418: 447,478
419: 446,329
420: 477,451,449,391
421: 507,478,510,479
422: 509,449
423: 395,278,281,309
424: 366,281,364,307
425: 394,426,336,366
426: 425,394,368,454,455
427: 458,428,397,575
428: 427,458,429,575,488,544
429: 458,428,545,430
430: 459,282,429,461,488
431: 370,490,367,396
432: 463,433,399,492
433: 344,432,493,552,492,349
434: 551,437,525,577,462
435: 179,404,288
436: 404,376,319,522
437: 551,434,525,494
438: 289,347
439: 497
440: 
441: 499
442: 
443: 471
444: 388,356
445: 503
446: 419,449
447: 507,418
448: 359,329
449: 422,509,446,420
450: 538,565,483,509
451: 477,420,334,333,393,391
452: 485,489,482,455
453: 485,512,541,481,511
454: 369,426,484,455
455: 489,484,394,426,452,454
456: 516,397,482
457: 545,396,369,310
458: 427,429,428
459: 430,282,311,461,515,398
460: 398,374,403,463
461: 519,488,459,430,515,547
462: 577,434,549
463: 344,432,403,460,465
464: 409,375,289
465: 376,403,344,463
466: 581,554,526,580,348
467: 495,470
468: 381
469: 351
470: 264,467
471: 500,443
472: 324
473: 388
474: 588,501
475: 503,505
476: 303
477: 451,420,334
478: 530,421,418
479: 510,421,506,565
480: 564,504,561
481: 541,487,453
482: 489,452,485,456,516
483: 563,564,450,567,540
484: 489,397,455,454,545
485: 453,452,511,482
486: 514,546,572
487: 624,568,566,596,535,481
488: 461,519,428,430
489: 397,484,482,455,452
490: 431,370,312,367,373
491: 577,518,517,401
492: 493,399,402,433,432
493: 552,492,402,433,551
494: 406,437,525,579
495: 553,582,467
496: 580,348,409
497: 439
498: 611
499: 441,584
500: 471,557
501: 613,666,474
502: 383,413,354
503: 445,475,643,505
504: 564,480,506,563
505: 643,503,475
506: 532,507,479,565,563,504
507: 421,447,506
508: 541,569
509: 422,449,510,450
510: 479,421,565,509
511: 392,453,485
512: 453,516,598
513: 618,619,537,562,594
514: 598,486,542
515: 399,398,459,461,547
516: 456,512,482,598
517: 544,603,519,401,491
518: 577,491,402,401
519: 461,488,544,517,401
520: 521,602,574
521: 520,548,657,606
522: 375,377,344,436
523: 552,349,406
524: 527,553,582
525: 434,437,549,494
526: 581,466
527: 524,582
528: 
529: 298,355,414
530: 478,358
531: 669,533,620
532: 506,533
533: 620,532,531
534: 587,558,616
535: 567,621,540,596,566,487
536: 674,594,646,595,623
537: 590,690,513,619
538: 450,596,569
539: 649,624,570,543
540: 535,567,483,596
541: 481,569,508,453
542: 570,514,598
543: 622,649,539,675
544: 517,603,428,571,575,519
545: 457,369,484,429
546: 573,572,486,604,656
547: 402,401,461,515
548: 576,657,521,606
549: 462,525,632
550: 606,632,659
551: 434,437,493
552: 493,433,349,523
553: 495,524,582
554: 581,466,406,580
555: 584
556: 578
557: 412,588,500,585
558: 612,613,665,534
559: 587,668,589
560: 
561: 648,592,620,480
562: 592,513,594
563: 565,483,506,564,504
564: 480,504,483,563,567
565: 563,506,510,479,450
566: 624,487,535,621,673
567: 535,621,540,483,564
568: 624,487,570
569: 541,538,596,508
570: 542,624,568,539
571: 575,573,544,603
572: 546,573,486
573: 546,572,571,604
574: 627,603,520
575: 571,427,428,544
576: 548,657,705,683,682
577: 491,518,462,434
578: 582,556
579: 605,607,632,494
580: 348,496,554,466
581: 554,466,526,607
582: 578,524,527,495,553
583: 609,685
584: 555,499
585: 666,557
586: 
587: 534,668,667,589,559
588: 412,557,474
589: 667,669,587,559
590: 537,691,690
591: 715,670,671
592: 562,561,690
593: 595,648,621
594: 536,650,562,513
595: 593,536,673,623
596: 538,535,540,569,487
597: 601,622,653
598: 514,512,542,516
599: 600,654,723
600: 599,676
601: 675,597
602: 627,628,520,657,705
603: 544,517,571,627,604,574
604: 627,656,546,573,603
605: 579,632,635
606: 550,521,548
607: 579,581,635
608: 686
609: 661,583,710,685
610: 660,636
611: 498
612: 558,613
613: 501,558,612,615
614: 753
615: 417,613
616: 417,534,643,641,667
617: 642,691,670
618: 513,619,645,650
619: 618,513,537
620: 533,531,561
621: 535,567,593,566,673
622: 543,597,626
623: 675,595,536,646,649
624: 568,566,487,539,673,570
625: 680,653,702
626: 676,622
627: 602,604,574,656,603,628
628: 723,602,627,656,705
629: 743,702,654,655
630: 703,730,726
631: 728,683,682,727
632: 579,605,549,550,659
633: 634,710,708
634: 633,684
635: 605,607,686
636: 660,610,663
637: 
638: 688
639: 666
640: 665,753
641: 643,616,667
642: 617,715,670
643: 641,505,503,417,616
644: 735
645: 671,618
646: 674,536,623,696
647: 695,674,696,719
648: 561,593
649: 539,673,675,623,543
650: 674,594,618,695
651: 699,701,721
652: 679,655,654,723,705
653: 625,597,701
654: 629,599,723,655,652
655: 679,744,652,629,743,654,723
656: 627,604,546,723,628
657: 576,548,705,602,521
658: 726,731
659: 684,550,632
660: 686,636,610
661: 609,748
662: 
663: 636
664: 
665: 640,558
666: 585,639,501
667: 669,589,616,587,641
668: 587,559
669: 667,589,531
670: 715,591,691,617,642
671: 645,591
672: 718,755,719,722,738
673: 649,621,595,624,566
674: 536,650,646,647,696
675: 601,623,649,543
676: 626,680,600
677: 789,761,720
678: 762,724,743,702
679: 655,744,652,728
680: 625,676,702
681: 747,700,744,707
682: 631,683,576
683: 728,631,682,576,705
684: 659,634
685: 609,583
686: 660,635,608
687: 711,752
688: 638
689: 
690: 590,537,592
691: 617,590,670
692: 694,736,712
693: 
694: 736,692
695: 647,650,718
696: 739,719,674,646,647
697: 758,760,757,699
698: 789,760,779,801
699: 651,721,758,697
700: 681,747,724,793,707
701: 651,653,720
702: 629,625,680,678
703: 630
704: 763,765,724
705: 576,657,602,628,652,683
706: 707,727
707: 706,681,700,730
708: 710,709,729,731,633
709: 729,708
710: 708,633,609
711: 687,750
712: 714,692,733
713: 
714: 712
715: 591,670,642,735
716: 
717: 736,770
718: 755,672,737,695
719: 739,696,647,672
720: 701,677,789
721: 699,651,739
722: 774,738,672
723: 628,599,654,656,655,652
724: 678,762,704,747,700
725: 730,793,766
726: 729,731,630,727,658
727: 706,631,726
728: 631,683,679
729: 726,731,709,708
730: 725,630,707
731: 726,729,658,708
732: 
733: 754,712
734: 
735: 644,715
736: 694,692,717
737: 718
738: 722,774,755,672,773
739: 696,719,721
740: 776
741: 742,796
742: 801,741,796,745
743: 629,678,655,744
744: 679,655,743,681
745: 778,742
746: 780
747: 681,700,724
748: 767,661,750
749: 799,783
750: 711,748
751: 
752: 687
753: 614,640
754: 733,772
755: 718,672,738
756: 
757: 760,697,774,759
758: 760,697,699,789
759: 774,760,757
760: 758,697,757,759,779,698
761: 677,763
762: 678,724
763: 704,765,761
764: 
765: 704,763
766: 793,725
767: 769,748
768: 
769: 767
770: 717
771: 
772: 754,776
773: 775,738
774: 722,738,757,759
775: 773
776: 772,740
777: 800,797
778: 745,781
779: 760,698,801
780: 746
781: 790,778
782: 
783: 749
784: 
785: 798,786
786: 785
787: 788
788: 787
789: 677,698,758,720
790: 781,796
791: 
792: 
793: 700,766,725
794: 799
795: 
796: 742,741,790
797: 777
798: 785
799: 749,794