0: 
1: 
2: 
3: 
4: 
5: 
6: 
7: 
8: 38,11
9: 27
10: 
11: 8
12: 
13: 
14: 80,58,43
15: 31
16: 
17: 73,18
18: 94,17
19: 
20: 361,166,118,223
21: 37,36
22: 
23: 121,77,225,93
24: 101,60
25: 44
26: 
27: 9
28: 
29: 
30: 
31: 15
32: 37
33: 
34: 133,48,66
35: 103,60
36: 38,21
37: 21,32
38: 36,8
39: 124,125
40: 74,42
41: 122,225
42: 40
43: 58,100,14
44: 25
45: 175,153,85,105
46: 67
47: 
48: 34,71
49: 162,90,244,165,189,163
50: 211,132,134,113
51: 
52: 161,70
53: 221,143
54: 
55: 56,91,75
56: 55
57: 126,230,155
58: 43,14,80
59: 121,97
60: 101,76,35,24
61: 64
62: 
63: 80
64: 61
65: 
66: 34
67: 46
68: 138,96,224,248
69: 135
70: 52,95
71: 48
72: 96,138
73: 98,79,17,116
74: 40
75: 98,79,55,253
76: 101,174,60,150
77: 121,23,93
78: 229,172,178
79: 75,98,73,91
80: 14,58,63
81: 128
82: 177,207
83: 287,208
84: 
85: 45,105,177
86: 271,325
87: 
88: 162,165
89: 
90: 49,244,163
91: 55,143,79
92: 192,98,171,170
93: 23,77
94: 18,103
95: 70
96: 72,68,253,224
97: 123,59,122,194
98: 75,73,79,116,92
99: 123,172
100: 43
101: 76,174,60,24,128
102: 257,255,228,205,229
103: 94,35
104: 378
105: 177,45,85
106: 
107: 
108: 
109: 327,213
110: 
111: 272,241,213
112: 133
113: 186,50,132
114: 
115: 163,276,217,216,247
116: 170,98,73
117: 192,169,119
118: 223,20
119: 194,145,117,122
120: 
121: 23,77,225,59
122: 41,119,194,97
123: 97,146,99
124: 39,150,146
125: 126,39
126: 125,57
127: 230,286,200
128: 81,101,174
129: 
130: 
131: 262
132: 134,50,113,213
133: 112,34
134: 132,50
135: 69
136: 240
137: 160,159
138: 68,191,72
139: 335,276,302,166
140: 167
141: 186
142: 189,162
143: 91,53
144: 198,252,251,147
145: 228,119,169,198
146: 150,123,124
147: 196,195,251,252,144,202,168
148: 304
149: 257,255,341,342,258
150: 146,76,174,124
151: 182
152: 176
153: 45,175
154: 204
155: 180,57,230,261
156: 
157: 214,239
158: 
159: 270,137
160: 389,137
161: 52
162: 49,165,142,88
163: 115,189,217,49,90
164: 190,334,389,218
165: 162,49,244,88
166: 20,361,276,139
167: 140,244
168: 202,490,196,147
169: 249,117,192,145
170: 116,92,225
171: 253,224,92,192
172: 178,203,78,99
173: 346,259,176,345
174: 101,76,150,128
175: 45,153
176: 261,173,152
177: 105,85,82
178: 172,203,78,255,285
179: 320
180: 155,261,317,207
181: 204
182: 151
183: 185
184: 358,274
185: 183
186: 113,141
187: 272
188: 267
189: 142,217,49,163
190: 334,164,389,331
191: 247,138
192: 117,92,171,169
193: 248,249
194: 228,119,122,97,229
195: 395,196,147,246
196: 395,195,147,168
197: 369,281,338
198: 252,144,205,228,145
199: 250,246,280,340,395
200: 316,286,127
201: 315,232,316,346
202: 490,168,147,252,341,226
203: 172,178
204: 154,181
205: 198,252,228,257,102
206: 380,237
207: 294,180,82
208: 83,351,292
209: 378
210: 
211: 50
212: 
213: 111,132,109
214: 239,268,157
215: 328,300,326,243
216: 217,115
217: 189,115,163,216
218: 334,164,335
219: 220,364,361
220: 219,302,361
221: 53
222: 304,366,278,308
223: 118,20,361
224: 96,68,253,171
225: 121,23,170,41
226: 341,342,202,490
227: 279,371,490,431
228: 194,145,198,205,229,102
229: 78,228,194,102
230: 127,57,155
231: 294
232: 315,201,344,346
233: 
234: 470,410
235: 321
236: 
237: 206
238: 353
239: 214,157
240: 136
241: 270,272,111
242: 
243: 331,215,301
244: 49,90,165,167
245: 295
246: 254,395,195,199
247: 191,115,276
248: 193,68
249: 169,193,251
250: 199,395,279,371
251: 249,147,144
252: 198,144,205,147,202,341
253: 171,96,75,224
254: 280,366,308,246
255: 257,149,102,178,285,258
256: 291,319,404,465
257: 255,149,102,205,341
258: 285,255,149
259: 344,346,173,345,372
260: 345,372,320,404
261: 176,155,180
262: 131
263: 409,468
264: 407,352
265: 470,411
800: 796
267: 188
268: 214
269: 297
270: 241,159
271: 416,86
272: 187,111,241
273: 
274: 184
275: 390,451,364,424
276: 115,139,247,166
277: 392,394
278: 336,308,222
279: 227,371,250,490
280: 254,340,199
281: 423,340,368,197
282: 430,310,367,575,427,457
283: 284,312,371,370
284: 283,310,370
285: 316,286,258,255,178
286: 316,285,127,200
287: 83
288: 436,435,379
289: 524,527,492,496
290: 
291: 372,256,400
292: 352,351,208
293: 322,350
294: 317,231,207
295: 386,299,245,296
296: 295
297: 357,269
298: 476,529
299: 295,386,357
300: 303,326,215,328
301: 332,326,243
302: 360,334,335,139,220
303: 300,326,478,359
304: 222,366,148
305: 451,306,332,390
306: 419,305,332,446,448,420
307: 424,365
308: 336,278,222,366,254
309: 337,423,452
310: 282,367,284,457
311: 461,373,314,571
312: 283,369,338,367
313: 460
314: 399,373,311,398,571
315: 232,201,343
316: 285,286,201,200,346
317: 294,180
318: 466
319: 376,464,256,465
320: 179,260,345,404
321: 235
322: 293
323: 440
324: 
325: 86
326: 303,300,215,301,359
327: 109
328: 215,300
329: 422,418,359,478,510
330: 387,447,358,415
331: 243,389,190
332: 301,418,306,305,448
333: 391,365
334: 190,164,218,335,302,360,477
335: 139,218,334,302
336: 278,308,337
337: 309,336,423
338: 484,197,312,367
801: 741,792
340: 423,281,280,199
341: 342,226,252,202,257,149
342: 341,226,149
343: 315
344: 346,259,232,405,403
345: 260,259,173,372,320
346: 344,259,173,316,232,201
347: 496,435,409
348: 466
349: 433,525
350: 293
351: 379,208,292
352: 407,292,264
353: 238
354: 355,383,443
355: 354,384
356: 
357: 297,299
358: 184,476,330
359: 329,418,303,326,478
360: 302,334,477,364
361: 20,166,220,219,223
362: 648,596,538
363: 446,479,392,449
364: 219,360,275
365: 391,307,333
366: 222,304,308,254
367: 282,430,310,338,312
368: 511,281,484
369: 197,371,312
370: 373,284,283,431
371: 279,227,250,369,283
372: 291,259,405,260,345
373: 370,311,314
374: 396,460,403,400
375: 463,406,377
376: 319,464,522,396
377: 381,375
378: 209,104
379: 351,288
380: 206
381: 377,525
382: 
383: 354,443
384: 355
385: 416
386: 295,299
387: 330,415,507
388: 413,417,471,414,501
389: 160,190,164,331
390: 275,477,451,305
391: 365,333
392: 450,649,479,363,277
393: 449,394,425
394: 393,449,277,425
395: 196,195,246,199,250
396: 432,374,400,376,522
397: 656,545,455,489
398: 571,314,399,515
399: 314,398,515
400: 405,403,396,374,291
401: 428,493,461,571,547
402: 488,519,520,491
403: 405,400,344,374
404: 260,256,320
405: 403,400,344,372
406: 515,432,375
407: 352,264
408: 
409: 263,347,435
410: 234
411: 265,440
412: 643
413: 388,471,639
414: 445,417,388,560,501
415: 507,447,330,387
416: 271,385
417: 388,471,444,560,414
418: 329,359,332,448
419: 451,306,420
420: 306,419,449
421: 533,473,507,475
422: 329,510,446,479,450
423: 281,340,337,309
424: 307,275,451
425: 393,394
426: 452,485
427: 489,575,545,282,430
428: 459,493,401,575,429,457
429: 489,575,428,459
430: 282,367,427
431: 227,370
432: 396,406,515,522
433: 463,573,349
434: 686,610,494
435: 288,347,409
436: 465,288
437: 632,519
438: 468,467
439: 553
440: 323,411
441: 664
442: 
443: 502,383,354
444: 447,417,471,560
445: 414,473,620,475,563
446: 479,363,448,422,306
447: 444,330,415
448: 446,332,418,306
449: 393,394,363,420
450: 649,392,422,479
451: 419,305,390,275,424
452: 309,426
453: 538,624
454: 458,485,516,486,455
455: 545,454,458,486,656,397
456: 543,514,598,603,572
457: 461,282,310,575,428
458: 454,485,455
459: 428,493,429,552
460: 313,374
461: 311,457,401,571
462: 627,652,629,574
463: 433,375,573
464: 376,319,465
465: 256,319,464,436
466: 318,497,348
467: 468,438
468: 263,438,467
469: 580,605,554
470: 265,234
471: 413,417,388,444
472: 500
473: 507,445,421,475
474: 588
475: 563,473,445,421
476: 298,358
477: 390,334,360
478: 303,329,359
479: 446,363,422,450,392
480: 561,690,617,619
481: 536,592
482: 656,598,486,508,543
483: 538
484: 338,511,368
485: 454,458,516,426
486: 512,454,508,455,482
487: 506,532
488: 402,552,551
489: 429,427,545,397
490: 202,168,279,227,226
491: 521,602,402,519
492: 496,289
493: 428,459,401,551
494: 610,581,663,434
495: 555
496: 347,492,524,289
497: 466
498: 637
499: 
500: 472
501: 503,388,414
502: 443
503: 531,501,643,534
504: 565,505,506
505: 510,530,533,565,504
506: 487,504,567
507: 473,415,387,421
508: 600,486,512,482,543
509: 540,530,649
510: 505,533,329,422
511: 368,484
512: 486,624,568,508
513: 591,755
514: 543,456,572,680
515: 406,399,398,432
516: 454,485,541
517: 520,544,552
518: 577,602,606,549
519: 402,491,437
520: 517,552,402,521
521: 491,602,520
522: 376,432,396
523: 581,605
524: 289,527,496
525: 349,381,581,550
526: 
527: 524,289,635
528: 
529: 298
530: 505,509
531: 503,620,534
532: 594,487
533: 421,565,510,505
534: 615,667,503,531
535: 570,568,539,646
536: 481,735,562
537: 735,645
538: 453,483,362,596
539: 568,621,646,535
540: 509,648
541: 516
542: 593,621
543: 456,514,508,482,598
544: 604,603,628,517
545: 455,397,489,427
546: 705,702,655
547: 571,401,551
548: 679,728,705,631
549: 606,518
550: 581,632,525
551: 493,547,488
552: 628,459,520,517,488
553: 439
554: 469
555: 495
556: 582,611
557: 613
558: 
559: 641,589
560: 444,417,414
561: 480,617,589
562: 618,674,536,675
563: 475,445,620
564: 595
565: 533,505,504
566: 569
567: 595,506,623
568: 539,512,535
569: 593,595,566
570: 535,601
571: 398,547,311,461,401,314
572: 604,456,514,680
573: 433,463
574: 604,462
575: 429,427,282,457,428
576: 609
577: 579,518,659
578: 608
579: 577,657,682,634
580: 469
581: 610,607,550,525,494,523
582: 556,584
583: 636,637
584: 688,637,582
585: 
586: 
587: 
588: 474
589: 642,559,561
590: 691,718,695
591: 755,672,695,513
592: 593,481,621
593: 569,592,542,621
594: 616,532,619
595: 567,623,564,569
596: 362,538,624
597: 601,622,653,676
598: 482,656,543,456,603
599: 626,680,744
600: 508
601: 622,597,570,673
602: 491,521,606,518
603: 598,456,544,628
604: 572,544,574
605: 523,469
606: 549,652,602,518
607: 610,581,659,682
608: 578,636
609: 703,748,576
610: 607,581,494,434
611: 556
612: 
613: 557
614: 694,670,734,756
615: 534,667,643,666
616: 594,667,617,641
617: 641,616,619,561,480
618: 562,674,719,647
619: 594,617,480
620: 531,445,563
621: 646,542,593,592,539
622: 601,597,699,625,673
623: 669,567,595
624: 596,453,512
625: 699,622,673,724
626: 599,701,744
627: 462,629,655,679
628: 552,603,544
629: 683,462,627
630: 766
631: 681,747,705,548
632: 437,550
633: 660,686
634: 709,579,682
635: 527
636: 583,608
637: 584,583,498
638: 
639: 413
640: 668
641: 617,559,616
642: 756,589,691
643: 412,503,615
644: 771
645: 695,735,537
646: 621,539,535
647: 722,618,674,719,696
648: 362,540
649: 450,392,509
650: 719,696,697
651: 699,676,722,721
652: 462,606
653: 675,676,597
654: 701,677,744,723
655: 728,627,546,705
656: 482,397,598,455
657: 706,579,709
658: 782,731
659: 577,607
660: 633,684,685
661: 710,748,708
662: 
663: 686,494
664: 441
665: 
666: 615
667: 615,534,616
668: 640
669: 690,623
670: 614,694,734,756
671: 737,672
672: 591,755,671
673: 701,601,622,625
674: 618,562,675,722,647
675: 653,676,562,674
676: 653,675,597,651
677: 698,701,654,723
678: 721,739
679: 548,627,728
680: 683,744,514,599,572
681: 631
682: 579,607,634
683: 680,744,629
684: 660,685
685: 684,660
686: 663,434,633
687: 
688: 584
689: 
690: 480,669
691: 590,642
692: 737
693: 
694: 614,670,734,718
695: 645,590,591
696: 719,650,647,697
697: 757,650,696,739
698: 724,765,677,789
699: 651,625,622,721,724
700: 726,707
701: 673,626,677,744,654
702: 723,789,546
703: 609,748,727
704: 762
705: 747,546,655,728,548,631
706: 657,729
707: 700,782
708: 748,661
709: 634,657,727
710: 661
711: 
712: 
713: 
714: 716
715: 733
716: 714
717: 774,786
718: 694,590
719: 650,618,647,696
720: 760,776
721: 678,699,651,724
722: 647,674,651
723: 789,702,677,654
724: 698,765,699,625,721
725: 763
726: 793,700
727: 703,729,709
728: 655,705,548,679
729: 706,727
730: 762
731: 658
732: 768
733: 715
734: 614,694,670
735: 537,645,536
736: 737
737: 671,736,692
738: 797,774,757
739: 697,678
740: 759,786,770
741: 745,801
742: 775,760
743: 762,793
744: 683,680,599,626,701,654
745: 741,796
746: 799,783
747: 705,631
748: 609,703,661,708
749: 769,766
750: 
751: 
752: 
753: 
754: 
755: 591,672,513,797
756: 642,614,670
757: 697,738
758: 760,776,773
759: 740
760: 758,742,775,720
761: 763
762: 743,704,730
763: 725,761
764: 
765: 724,698,789
766: 769,749,630
767: 
768: 732
769: 766,749
770: 786,740
771: 644
772: 798
773: 758
774: 797,738,717
775: 742,760
776: 758,720
777: 
778: 
779: 780
780: 781,779
781: 780
782: 658,707
783: 746
784: 
785: 
786: 717,770,740
787: 788
788: 787
789: 723,702,698,765
790: 799
791: 799,795
792: 801
793: 726,743
794: 
795: 791,799
796: 745,800
797: 738,774,755
798: 772
799: 791,790,746,795