0: 
1: 
2: 
3: 
4: 
5: 66,15,32
6: 17,34,21
7: 22,8
8: 24,7
9: 22,40,24
10: 40,53
11: 58
12: 19
13: 58
14: 43,39,103
15: 5,32
16: 
17: 6,54
18: 37,21
19: 12
20: 35,55,95
21: 54,6,18
22: 7,9
23: 53,74,40
24: 8,9
25: 27
26: 64
27: 25,42
28: 
29: 
30: 47,112
31: 49,161
32: 51,15,66,5
33: 
34: 6
35: 20,37
36: 38,56,74
37: 18,35
38: 36,56
39: 60,14
40: 10,9,23
41: 98,99,78
42: 27,43
43: 14,42,64,80
44: 
45: 128,62,152
46: 67
47: 30,87,65
48: 54,51,71
49: 31,68,140
50: 69,114,51
51: 32,50,69,48
52: 73,55,75,117
53: 23,94,10
54: 48,21,17
55: 73,52,20,95,117
56: 38,36,116,120,79
57: 99,78,124,97,125,123
58: 11,13
59: 76
60: 98,101,39
61: 64,80
62: 100,45,152
63: 80,85
64: 61,26,43
65: 87,47,67
66: 5,32
67: 65,46
68: 115,140,69,49,70,72
69: 50,51,68
70: 71,68,72
71: 70,48
72: 91,70,68,115
73: 52,55
74: 23,36
75: 92,52,117,93
76: 59
77: 98,97,78
78: 99,57,97,98,77,41
79: 56,120,97
80: 103,63,43,61
81: 128,103
82: 127,100,150,153,205
83: 151,155
84: 106,129
85: 63,106
86: 
87: 65,47
88: 138,162,89,189
89: 162,135,160,88
90: 247,167,163,191,219
91: 72,115,143
92: 75,143,93,145,221
93: 96,92,75,145
94: 53
95: 117,55,20
96: 93,122,116
97: 120,79,77,57,78
98: 77,60,99,78,41
99: 57,78,124,98,41,102
100: 150,62,82,152
101: 60
102: 175,99,124,174
103: 80,14,81
104: 207,151
105: 152
106: 85,84
107: 
108: 110
109: 211,187,135
110: 108
111: 136,185
112: 30
113: 133,160
114: 50
115: 68,91,72,143
116: 121,120,96,56
117: 95,52,55,75
118: 141,163,166
119: 225,253,146,121
120: 116,121,56,79,97
121: 116,120,119,146
122: 145,194,96
123: 125,173,226,172,57
124: 99,57,125,102,174
125: 173,123,226,57,124,174
126: 203,149,178,177
127: 231,177,82,150
128: 81,45
129: 84
130: 156
131: 206
132: 240
133: 113,136
134: 242,159,186,185,187
135: 162,89,109,160,211,137
136: 186,185,111,133
137: 216,211,162,135,189
138: 88
139: 141,142,140
140: 68,49,139
141: 118,139,166
142: 165,139,163
143: 166,115,91,92
144: 224,170,195,199
145: 122,194,221,92,93
146: 225,119,121,172
147: 283,255,229,286,200
148: 199,225,253,254
149: 203,126,285
150: 100,175,127,82
151: 207,83,104
152: 100,62,45,105
153: 205,180,82
154: 235,208,291,290,262
155: 181,83
156: 130,294
157: 267
158: 
159: 242,134,241,187
160: 113,161,89,135
161: 160,31
162: 89,135,137,88,189
163: 118,142,90,247
164: 190,216,245
165: 190,189,142,247
166: 143,141,118,192
167: 90,247,218,276,244
168: 278,309,223,337
169: 196,337,223
170: 224,144,192,194,221
171: 194,224,253,199
172: 226,198,146,123
173: 125,123,226,228,229,202
174: 202,178,124,125,102
175: 102,178,150
176: 230,231,177
177: 127,178,126,176
178: 174,175,126,177
179: 318,291,260
180: 153,205,209,204
181: 155
182: 
183: 
184: 239,268
185: 186,136,111,134
186: 136,185,134,187
187: 211,186,134,159,109
188: 216,211,274,213
189: 165,162,137,88
190: 164,218,165,247
191: 192,249,219,90
192: 249,191,166,221,170
193: 276,244,246,308,248
194: 145,122,171,221,224,170
195: 223,249,248,144
196: 279,337,169,251,199
197: 255,279,251,227
198: 226,172,225,254
199: 148,171,224,144,253,196
200: 286,147,285,315
201: 256,342,257,230
202: 174,173,228,203
203: 149,126,228,285,202
204: 261,209,231,205,180
205: 153,180,231,82,204
206: 262,131
207: 151,104
208: 235,154
209: 204,180,235
210: 240
211: 187,109,135,137,188
212: 295,325
213: 273,274,215,188
214: 297,324
215: 272,300,213
216: 137,188,164
217: 361,389,244
218: 190,220,247,167
219: 249,191,90,276,248
220: 245,218,244
221: 145,194,92,192,170
222: 223,308,250,278
223: 222,195,168,169
224: 170,144,194,171,199
225: 119,253,146,148,198,254
226: 198,172,125,173,123,229
227: 313,280,279,252,197
228: 229,285,173,202,203
229: 228,226,147,173
230: 176,256,201
231: 127,176,205,204
232: 256,258,320,233
233: 260,232,261,291
234: 378,264
235: 208,154,209
236: 380
237: 
238: 295
239: 295,240,268,184
240: 132,210,239
241: 242,159,271
242: 134,159,241
243: 301,300,273,358,302
244: 276,193,220,217,167,246
245: 220,274,164
246: 275,244,193,304
247: 90,167,190,218,165,163
248: 308,193,249,219,195
249: 192,191,219,248,195
250: 307,308,222,278,365
251: 196,279,283,197
252: 338,279,337,227,280
253: 225,119,171,199,148
254: 283,225,148,198
255: 197,147,284,286
256: 232,316,201,342,230
257: 342,315,201
258: 344,232,316,320,259
259: 288,287,258,344,320
260: 320,233,179
261: 204,233
262: 206,154,290
263: 380,352
264: 380,234
265: 
800: 796
267: 157
268: 385,239,184
269: 270,385,299,355
270: 269,327,299,326
271: 272,241
272: 271,215,327
273: 274,213,243
274: 273,213,188,245
275: 246,390,306,304
276: 244,193,167,219
277: 333,335,307,306,365,366
278: 365,168,309,364,250,222
279: 196,337,251,252,197,227
280: 227,313,371,252,338,282
281: 430,396,426,368,370
282: 310,396,338,280,340
283: 254,147,251
284: 286,255,312,313,341
285: 228,200,203,149,315
286: 284,200,147,255
287: 259,288
288: 259,287,289,435
289: 349,375,288
290: 318,291,154,262
291: 179,290,233,154
292: 322,408,409
293: 
294: 156
295: 238,212,239
296: 298
297: 214,324
298: 353,296,354
299: 355,270,269
300: 326,215,243,301
301: 243,300,328,329,358
302: 361,389,243,358,332
303: 332,330,477,358
304: 307,306,275,246,308
305: 331,359,362,334
306: 307,304,275,390,277,335
307: 306,304,250,277,365
308: 248,193,304,250,222
309: 278,168,364,395,367,338,310
310: 396,426,282,309,367,338
311: 370,340,312,371,314,431
312: 313,371,311,284,314
313: 312,227,371,280,284
314: 373,312,311,431,400
315: 257,285,200,343,341
316: 256,342,258
317: 376,374,319,344
318: 179,290,321
319: 344,345,317
320: 260,232,258,259
321: 378,318,407
322: 292,408,378
323: 410
324: 325,214,297
325: 324,212
326: 300,270,328,416
327: 270,272
328: 416,356,326,301,329
329: 330,358,328,356,301
330: 477,329,358,446,303
331: 390,305,332
332: 303,359,302,361,331
333: 277,335,336,392,424,366
334: 363,362,336,305,392,422
335: 333,277,336,390,306
336: 390,334,333,335,392
337: 196,279,169,168,252
338: 252,309,310,282,280
801: 763,762,700,743
340: 370,311,396,282
341: 343,284,315
342: 257,256,316,201
343: 373,341,315,372
344: 258,319,317,259,375
345: 372,374,319
346: 432,404
347: 435,407
348: 406,436,468
349: 289,375,405,377
350: 438
351: 440,411,439
352: 263
353: 298,384,354,355
354: 384,353,298
355: 299,353,269
356: 328,414,418,329
357: 385
358: 330,329,243,301,302,303
359: 332,477,419,360,305
360: 419,449,359,362,391
361: 302,217,332
362: 334,360,305
363: 334,391,451,420,422
364: 278,365,309,395
365: 278,364,307,250,277,395
366: 395,333,277,424,425
367: 395,454,309,310,426
368: 369,427,281,397
369: 368,427,455
370: 340,311,396,281,430,398
371: 312,313,280,311
372: 345,343
373: 343,314,400
374: 345,376,317,404
375: 289,349,344,376
376: 317,404,374,403,405,375
377: 522,465,405,349
378: 321,234,322,408
379: 407
380: 264,236,263
381: 469,470,553
382: 411
383: 
384: 354,353,413
385: 357,268,269
386: 413,388,387
387: 418,386,444,476
388: 386,416,414
389: 302,217
390: 331,336,275,306,335
391: 363,360,509,420
392: 393,422,424,336,334,333
393: 392,422,394,485,423
394: 452,451,393,422,485,482
395: 367,366,365,309,364
396: 310,426,282,370,340,281
397: 430,457,488,368,489
398: 399,431,370,430,457
399: 431,400,398
400: 399,431,314,373
401: 577,515,518,402,459,492
402: 459,401,463,460,492
403: 463,460,405,376,404,465
404: 376,374,346,403,460
405: 403,376,349,377,465
406: 436,348,496,524
407: 379,347,321,408
408: 292,322,407,378
409: 292,438
410: 323
411: 382,351,440
412: 529,502
413: 386,384
414: 416,356,388,418
415: 472
416: 328,414,388,326
417: 473,445,503,505
418: 387,414,356,476
419: 360,449,477,359
420: 451,509,510,363,391,538
421: 478,565,448,449,479
422: 392,393,363,334,394
423: 485,455,425,393,424
424: 392,333,366,423,425
425: 423,424,454,366
426: 310,396,454,367,281
427: 368,369
428: 545,489,458
429: 490,432,461,547,459,518
430: 281,397,457,370,398
431: 399,400,398,311,314
432: 490,429,346,459
433: 493,552,463,522,465
434: 493,552,579,549,464
435: 347,288
436: 406,348
437: 496,464,552,522,523,580
438: 409,350
439: 469,351
440: 351,411
441: 
442: 
443: 471,502
444: 530,387,445
445: 417,474,444
446: 448,330,477
447: 507,530,475,478,450
448: 446,476,478,421
449: 419,360,421,509,479
450: 565,507,447,504
451: 420,363,508,452,394
452: 394,451,453,481,482
453: 541,540,481,452,511
454: 367,425,426
455: 485,423,484,369
456: 512,516
457: 430,397,488,398,490
458: 428,545,544,573
459: 402,429,432,401,518
460: 403,463,402,404
461: 519,547,488,545,429,518
462: 517,520,491,577,515
463: 403,460,402,493,492,433
464: 437,434,552,579,523
465: 377,522,403,405,433
466: 581,495,580,527
467: 527,553,470
468: 348,553
469: 381,470,439
470: 469,381,467,584
471: 443,586
472: 415
473: 475,417,505,532,560
474: 503,445
475: 473,530,560,447
476: 387,418,448,478
477: 330,446,303,359,419
478: 565,421,530,476,448,447
479: 509,510,565,421,449
480: 504,510,567
481: 453,508,569,452
482: 484,452,394,485,511
483: 538,568,567,508,569,535
484: 482,512,485,455
485: 455,423,393,394,484,482
486: 511,541,512,570,539,487
487: 514,516,512,486,570,542
488: 397,457,545,489,461
489: 428,545,397,488
490: 429,432,457
491: 603,602,547,515,462,520
492: 493,402,577,401,463
493: 434,492,552,433,463
494: 523,581
495: 580,524,466,527
496: 437,522,406,580,524
497: 499
498: 499
499: 584,556,498,497
500: 
501: 529
502: 443,412
503: 474,417,505
504: 480,450,507,506
505: 534,532,503,531,473,417
506: 533,560,507,504,563
507: 560,447,450,506,504
508: 483,538,569,451,481
509: 479,510,449,391,420
510: 509,479,565,480,420,538
511: 486,453,482,512
512: 484,486,511,456,487
513: 624,596,566,621,593
514: 487,516,572,573,571
515: 577,401,518,547,491,462
516: 487,514,456,573
517: 462,577,606,521,551,549
518: 401,515,429,461,547,459
519: 461,547,545,544,603
520: 462,602,491,705,606
521: 551,525,517,606,550
522: 377,465,552,433,496,437
523: 494,464,437,580
524: 495,580,496,406
525: 521,579,551,550
526: 578,607,554,581,608,582
527: 467,495,466
528: 
529: 412,501
530: 444,475,478,447
531: 666,534,505
532: 534,505,473,533
533: 506,561,616,532,560
534: 505,532,531
535: 566,648,564,562,483,567
536: 618,620,592,537
537: 594,536,648
538: 483,508,510,420
539: 570,541,624,596,486
540: 541,453,568,569,596
541: 540,453,486,539
542: 572,601,570,487
543: 675,649,621,598
544: 458,519,603
545: 428,489,458,488,461,519
546: 654,627,571,572,599,575
547: 461,519,429,491,515,518
548: 550,605,635
549: 579,551,577,517,434
550: 548,521,525
551: 521,579,525,549,517
552: 493,434,433,522,464,437
553: 468,467,381
554: 632,635,581,578,526
555: 582,556,608
556: 555,499
557: 585
558: 585,640,666
559: 613
560: 507,473,475,533,506
561: 533,616,620,592,563
562: 592,564,535,648
563: 592,564,506,561
564: 592,563,562,567,535
565: 478,450,421,479,510
566: 535,648,568,513,596
567: 483,480,564,535
568: 483,569,566,540,596
569: 483,568,508,540,481
570: 539,598,486,487,601,542
571: 546,514,572,573,575
572: 599,601,542,514,546,571
573: 575,514,516,458,571
574: 628,705,627,603,602
575: 573,546,627,571
576: 683,657,631
577: 401,515,517,462,492,549
578: 526,607,635,554,660
579: 551,525,549,434,464
580: 495,524,496,437,523,466
581: 466,494,554,526,608
582: 555,526,607,608
583: 663,636,688
584: 499,470
585: 557,558
586: 471
587: 615
588: 
589: 669,617,670
590: 670,642,671
591: 645,619,618,647
592: 563,564,562,561,536
593: 650,649,621,594,513
594: 537,647,595,650,593
595: 647,672,594,650
596: 624,513,568,566,540,539
597: 626,598,622,601
598: 570,622,543,601,597
599: 572,601,626,600,546
600: 626,676,599
601: 572,599,542,570,598,626,597
602: 603,491,574,705,520
603: 602,491,544,519,574
604: 656,654,627,652,628
605: 633,548,659
606: 631,705,517,520,521
607: 578,526,582,610
608: 581,526,582,555
609: 711,661
610: 607
611: 
612: 
613: 559
614: 667,691
615: 587,640,666
616: 533,561
617: 643,667,589
618: 536,669,619,591
619: 645,591,669,670,618
620: 669,561,536
621: 649,593,624,513,543
622: 598,699,597,625
623: 673,674,649,675
624: 513,596,621,539
625: 651,622,699,676
626: 676,600,597,599,601
627: 546,654,575,574,604
628: 574,705,604
629: 680,676,653
630: 706,682,684
631: 606,705,576
632: 635,554
633: 605,682,657,684,658
634: 686,659,658,731,685
635: 632,554,548,659,578
636: 637,688,583
637: 636,688,638
638: 637,688
639: 
640: 558,666,615
641: 690,643
642: 694,590
643: 690,617,641,667
644: 715,692,716,735
645: 619,591,695,646,647,737
646: 647,672,645,737,718
647: 646,672,595,645,591,594
648: 535,566,562,537
649: 650,621,593,623,675,543
650: 649,593,594,595
651: 653,625,720,701
652: 654,656,604
653: 651,676,629,680
654: 546,627,652,604
655: 683,727
656: 604,652,723
657: 683,682,576,633
658: 684,633,634,731
659: 634,605,635
660: 686,578
661: 711,609,688
662: 
663: 583,686,685
664: 
665: 668,691
666: 531,558,640,615
667: 614,617,643
668: 665,691
669: 620,589,670,618,619
670: 590,589,669,619,671
671: 670,590,715,735,695
672: 646,647,595,718,673,696
673: 623,674,672,696
674: 673,623,699
675: 543,649,623,699
676: 626,600,653,625,629
677: 721,698,720,701
678: 702,724,761,680
679: 681,723
680: 629,653,678,702
681: 679,727,726
682: 683,657,630,633,684
683: 682,657,576,655
684: 658,682,630,706,633
685: 731,686,634,663
686: 634,685,660,663
687: 
688: 636,637,638,583,661
689: 
690: 643,641
691: 668,665,614
692: 644
693: 716
694: 642,716
695: 735,756,645,671,737
696: 719,672,718,673
697: 722,789,721
698: 677,789,701
699: 674,675,622,625
700: 762,724,801,743
701: 761,720,677,698,651
702: 678,724,680,744
703: 707,749,766,730
704: 747,765,725,744
705: 574,628,602,520,631,606
706: 630,726,684,709
707: 703,725,765,749
708: 710,711
709: 728,706,767
710: 708,769
711: 661,708,609
712: 714,733,734
713: 
714: 712,733,734
715: 644,671,735
716: 694,693,644
717: 776,755,754
718: 737,770,646,672,696,738
719: 696,738,721
720: 677,651,701
721: 677,719,697
722: 789,697,758,759
723: 679,656
724: 678,702,761,762,700
725: 744,765,704,707
726: 727,706,681
727: 726,655,681
728: 709,767,731
729: 748,751,767
730: 767,703,766,748
731: 685,728,658,634
732: 752
733: 714,712,736
734: 714,712
735: 756,695,715,644,671
736: 754,733,755
737: 770,718,645,756,695,646
738: 739,718,719
739: 758,738,774,775
740: 
741: 759,760,797,777
742: 760,745
743: 747,700,801,793
744: 725,702,704
745: 779,742,762
746: 749,766,784
747: 765,781,704,743
748: 729,766,730
749: 766,746,765,703,707
750: 769,751
751: 729,750
752: 732
753: 
754: 736,785,717
755: 736,717
756: 735,695,737,770
757: 770
758: 739,773,775,722
759: 741,760,773,722
760: 741,759,742
761: 701,678,724
762: 700,745,724,801
763: 801,790
764: 782,783
765: 747,704,725,707,749
766: 749,746,703,730,748
767: 730,728,709,729
768: 
769: 750,710
770: 737,718,756,757
771: 785
772: 776
773: 775,758,759
774: 776,739,775
775: 773,774,739,758
776: 717,774,772
777: 797,741
778: 779,796
779: 745,778
780: 793
781: 747,793
782: 794,764
783: 784,764
784: 746,783
785: 771,754
786: 
787: 
788: 
789: 722,697,698
790: 791,796,763
791: 790,796
792: 799
793: 781,743,780
794: 782,799
795: 
796: 800,778,791,790
797: 777,741
798: 
799: 792,794