0: 
1: 
2: 
3: 
4: 
5: 
6: 
7: 
8: 27
9: 
10: 
11: 22
12: 
13: 64
14: 63,42
15: 31,46
16: 
17: 23,94,103
18: 
19: 
20: 68,248
21: 51,37
22: 11
23: 17,77,76
24: 60
25: 58
26: 
27: 8
28: 
29: 
30: 87
31: 15,71,88
32: 37
33: 
34: 
35: 60,76,101
36: 37,38
37: 32,21,36
38: 36
39: 124,62
40: 74
41: 170,92,225,97,122
42: 14
43: 100,61
44: 58
45: 
46: 15
47: 
48: 161,71
49: 90,189,163,162,244
50: 69,186
51: 21,89,221
52: 
53: 91,143
54: 
55: 
56: 138,96
57: 230,126,155
58: 44,25
59: 97,194,78
60: 24,35
61: 120,43
62: 39
63: 14,100,80
64: 13
65: 
66: 89
67: 133
68: 20,72,138,96
69: 50,186
70: 165,88,95
71: 31,48,161
72: 191,68
73: 75,171,143,93,116,98
74: 40
75: 73,171,79,143
76: 23,77,35,101
77: 93,116,23,76,225
78: 123,59,229
79: 75
80: 63
81: 128
82: 207,85,105
83: 208,321,235,209
84: 
85: 105,82
86: 386,416
87: 30
88: 70,31
89: 66,51
90: 49,244,247
91: 53,143
92: 170,41,253,192,117,122
93: 116,77,73
94: 17,103
95: 70
96: 253,138,56,68,224
97: 59,122,41,119,194
98: 116,73,171,170
99: 125,172,203
100: 43,63
101: 174,35,76
102: 229,205,178,172,286
103: 94,17
104: 
105: 177,85,155,82
106: 
107: 
108: 
109: 213,113,132
110: 187
111: 134
112: 133
113: 109,213,132
114: 
115: 276,247,166,139
116: 93,77,98,73,170,225
117: 169,145,192,92,122
118: 248,304
119: 228,194,145,97,122
120: 61
121: 150
122: 97,92,41,145,117,119
123: 78,150,146,125
124: 150,174,39,146
125: 99,123,146
126: 127,230,203,57
127: 230,126,285
128: 81,174
129: 
130: 
131: 152,233,262
132: 109,113
133: 67,112
134: 111
135: 141,186
136: 242,183,185
137: 159,273
138: 56,167,68,96
139: 166,276,115,302,223
140: 167
141: 135,213
142: 163,217
143: 91,53,75,73
144: 169,145,251,193
145: 169,117,144,251,122,119
146: 150,124,123,125
147: 198,196,226,341,202
148: 246,395,366,222
149: 202,255,258,315
150: 124,121,123,146
151: 181,182
152: 131,176,317,233
153: 
154: 204
155: 261,57,230,105,177
156: 
157: 210
158: 240
159: 137,270
160: 190
161: 48,71
162: 244,165,49
163: 142,189,49
164: 327,218
165: 70,162
166: 139,361,115,247,191
167: 140,138
168: 254,196,250,226,279
169: 145,117,144,192
170: 92,41,116,98,225
171: 75,73,98
172: 203,286,102,99
173: 346,345
174: 101,124,128
175: 
176: 317,152
177: 105,155,207,180
178: 257,102,286,316,255
179: 287,320
180: 177,317,207
181: 182,151
182: 181,151
183: 185,136
184: 358,387,303,328
185: 183,136
186: 69,50,135
187: 110
188: 212
189: 163,49
190: 331,218,160
191: 247,72,166
192: 224,253,92,169,117
193: 195,249,144
194: 228,119,97,59,229,205
195: 193,395
196: 168,147,226
197: 369,340,423
198: 147,252,228,202
199: 279,283,250,371
200: 316,285,201,346
201: 258,316,200,346
202: 257,198,147,341,149
203: 172,286,99,126
204: 154
205: 229,102,228,194
206: 
207: 82,231,177,180
208: 321,83,292
209: 290,235,321,83
210: 157
211: 
212: 188
213: 109,113,141
214: 
215: 389,274
216: 276,217,335
217: 327,142,216
218: 190,335,164,327
219: 220,307
220: 223,364,219
221: 51
222: 148,366
223: 220,139
224: 192,253,96
225: 116,77,170,41
226: 196,168,147,279
227: 313,490,342
228: 119,194,198,252,205
229: 102,205,194,78
230: 127,126,57,155,261
231: 207
232: 315,343,346
233: 131,152,294
234: 265
235: 290,287,209,83
236: 237
237: 236
238: 298
239: 
240: 158
241: 270
242: 136
243: 326,389,331
244: 162,90,49
245: 272
246: 148,395,366,308,254
247: 191,90,115,166
248: 304,20,118,249
249: 248,193
250: 280,254,168,279,199
251: 145,144,252
252: 198,251,228
253: 96,192,224,92
254: 168,246,308,250,280
255: 316,257,178,149,258
256: 260,404,320
257: 202,178,255
258: 315,201,149,316,255
259: 346,345,291
260: 372,256,320
261: 155,230,317
262: 131
263: 264,352,408
264: 263,408,439
265: 234
800: 792
267: 296
268: 297
269: 442
270: 241,325,159
271: 325
272: 245,325
273: 274,416,137
274: 273,215,328
275: 364,391,390,451,424
276: 115,216,302,139
277: 363,449,392,393
278: 308
279: 490,199,168,250,226
280: 250,308,340,254
281: 423,309,368
282: 430,310,367,484,284
283: 199,371,312,431
284: 312,282,310,370,311
285: 316,286,127,200
286: 172,203,102,178,316,285
287: 292,179,235,379
288: 351,379,464,436
289: 492,377,347
290: 235,209
291: 319,259,405,372
292: 287,379,208,407
293: 
294: 380,233
295: 
296: 267
297: 268
298: 238
299: 353,357
300: 303,328,418,326,301
301: 332,300,418,326
302: 360,334,335,276,139
303: 300,328,184,387
304: 248,118
305: 332,326,390
306: 446,332,448
307: 336,219
308: 278,340,246,366,254,280
309: 452,368,425,281
310: 282,430,457,284,311
311: 571,461,284,310,457
312: 371,284,283,431
313: 227
314: 398,399,571,460
315: 258,232,149,343
316: 255,285,178,286,258,201,200
317: 176,261,180,152
318: 467,438,554
319: 291,405,400
320: 404,256,260,179
321: 208,83,209
322: 382
323: 
324: 
325: 272,271,270
326: 243,389,300,301,305
327: 217,164,218
328: 303,300,274,184,389
329: 448,422,478,510
330: 447
331: 190,243,334
332: 301,305,448,306
333: 365,393,426
334: 302,360,331,335
335: 218,216,302,334
336: 307,391,365
337: 425
338: 484,545,368,367
801: 790,792
340: 308,423,280,197
341: 147,202,342
342: 341,490,227
343: 403,315,232,344
344: 405,343,403,396,400
345: 372,259,173
346: 259,173,201,232,200
347: 289,496,435,409
348: 555,466
349: 525,433,551
350: 
351: 288,379,407
352: 408,263
353: 299
354: 356
355: 383
356: 354
357: 299
358: 184,476
359: 418,478
360: 302,334,477
361: 166
362: 483,392,541
363: 449,277,446
364: 275,477,220
365: 391,333,336
366: 246,148,222,308
367: 369,484,338,371,282
368: 452,309,281,545,338
369: 197,367,371
370: 373,431,284
371: 312,369,367,199,283
372: 345,291,260
373: 370,460
374: 460,396,403
375: 492,463,377
376: 492
377: 375,289,524
378: 
379: 288,351,436,292,287
380: 294
381: 581,525,527,523
382: 322
383: 355
384: 
385: 416
386: 86
387: 184,303
388: 413,639,471,412,417
389: 215,328,243,326
390: 477,305,451,275
391: 275,424,336,365
392: 277,362,483,541
393: 426,333,449,277
394: 453,541
395: 246,148,195
396: 374,403,344,432,400
397: 482,455,458,656
398: 314,399,571,401
399: 398,314,406,515
400: 432,396,405,344,319
401: 573,571,461,493,398
402: 488,519,491,437
403: 343,374,396,344
404: 320,256,465,436
405: 344,400,291,319
406: 522,515,399,463
407: 292,351
408: 352,264,263
409: 435,347,496
410: 
411: 495
412: 388,417,501
413: 388,639,471,613
414: 417,473,560
415: 473,447,421
416: 86,385,273
417: 414,388,412,501
418: 359,300,301
419: 424,451,420
420: 449,419
421: 533,473,415,445
422: 448,329,510,446
423: 281,340,197
424: 419,451,275,391
425: 426,337,309
426: 393,333,425
427: 458,484,545,430,575,489
428: 493,457,429,575,461
429: 575,603,459,428
430: 282,310,457,484,427,575
431: 370,283,312
432: 400,396,522,515
433: 463,551,349
434: 550,607,610
435: 409,347
436: 464,465,404,288,379
437: 525,402,659
438: 318,467,468
439: 264,553
440: 
441: 556
442: 269
443: 
444: 471,613,447,560
445: 475,533,421
446: 306,422,479,363
447: 473,560,415,444,330
448: 329,422,332,306
449: 363,277,420,393
450: 540,505,530
451: 390,275,424,419
452: 309,368,485
453: 394,541,538,516
454: 485,516,455
455: 482,397,454,486
456: 603,656,598,628
457: 430,310,575,311,461,428
458: 511,427,545,397
459: 493,429,603,517
460: 374,373,314
461: 311,571,457,493,428,401
462: 627,520,521,652
463: 433,547,406,375
464: 436,288
465: 436,404
466: 499,348
467: 318,438
468: 438
469: 580,635,554
470: 
471: 444,613,388,413,560
472: 
473: 447,560,415,414,421
474: 588,666
475: 563,445,533,565
476: 529,358
477: 390,360,364
478: 507,359,329,510
479: 446
480: 561,619,669
481: 562,735,536,592
482: 455,397,598,656
483: 362,509,392
484: 545,338,367,427,282,430
485: 454,516,452
486: 512,455
487: 594,567,623
488: 402,519,552
489: 575,427,603,656
490: 279,342,227
491: 521,402
492: 375,289,522,376
493: 459,428,461,401
494: 605,581,550
495: 411
496: 524,347,409
497: 553
498: 750,637
499: 466,580,578,608
500: 
501: 534,412,417
502: 557
503: 534,643
504: 567,506,563,532
505: 510,565,530,450
506: 504,567,530,540,564
507: 533,478,510,565
508: 543,600
509: 540,649,483
510: 505,507,478,329,422
511: 458,545
512: 486,624,568
513: 695,645,591
514: 599,543,572,680
515: 406,522,399,432
516: 485,454,453,538
517: 552,459,544
518: 659,577,602
519: 488,402,573,551
520: 604,544,462,521
521: 491,602,520,462
522: 406,515,432,492
523: 635,527,581,381
524: 496,377,527
525: 349,437,581,632,381
526: 580,605,578
527: 381,524,523
528: 
529: 476
530: 505,506,540,450
531: 620,532
532: 531,620,563,504
533: 507,421,475,445,565
534: 503,501,620
535: 568,539,570
536: 690,735,481,562
537: 561,691,690
538: 624,453,516
539: 593,535,570
540: 450,509,530,506,564,649
541: 394,453,392,362
542: 566,569,593
543: 508,598,599,514,572
544: 520,604,517,552
545: 484,338,368,458,511,427
546: 728,655,683,747,723
547: 463,551,573
548: 549,679,606,657
549: 679,548,655,652,606
550: 607,581,632,434,494,610
551: 433,547,573,519,349
552: 517,544,488
553: 497,439
554: 469,318
555: 348
556: 611,441
557: 639,502
558: 615,643
559: 589,641,667,756
560: 473,447,471,444,414
561: 537,619,617,480,691
562: 481,536,695
563: 475,532,504
564: 649,595,567,506,540
565: 533,507,475,505
566: 542,592,735,569
567: 504,506,487,564
568: 593,596,624,512,535
569: 595,623,542,566
570: 673,539,646,600,535
571: 311,461,398,314,401
572: 628,598,543,514,680
573: 401,519,551,547
574: 627,655
575: 429,489,427,430,457,428
576: 661,726
577: 518,659,579,607
578: 580,526,499,608
579: 606,577,682
580: 469,526,578,499
581: 632,381,525,550,523,494
582: 
583: 633,663
584: 
585: 
586: 
587: 
588: 474,666
589: 559,641,617,642
590: 691,645
591: 718,513
592: 566,735,481,621
593: 568,542,539
594: 487
595: 564,649,569,648
596: 648,568
597: 699,721,676,601,625
598: 543,482,456,572
599: 514,600,543
600: 570,508,599
601: 625,676,597
602: 521,518
603: 456,656,429,489,459
604: 520,544
605: 494,526
606: 579,652,549,548,657
607: 550,659,577,632,434
608: 578,499
609: 703,661
610: 686,550,434
611: 556
612: 665
613: 471,444,413
614: 668,716,670,756
615: 558
616: 641
617: 589,642,561,619
618: 695,696
619: 561,617,480
620: 531,532,534
621: 592,653
622: 625,673,626
623: 735,487,569
624: 538,568,512
625: 601,622,597,701
626: 673,622
627: 462,574,655,652
628: 572,456
629: 683,654,744
630: 730,700,782,766
631: 705,706
632: 581,525,550,607
633: 583,685
634: 709,684,660
635: 523,469
636: 663
637: 688,498
638: 
639: 557,388,413
640: 
641: 589,559,667,616
642: 589,617,691
643: 558,503
644: 
645: 695,513,590
646: 653,570
647: 722,675
648: 596,649,595
649: 564,595,540,509,648
650: 738,757,719,797,697
651: 697,722,674
652: 627,462,549,606
653: 676,621,646
654: 629,683,744,677
655: 546,728,627,574,549,679
656: 456,603,482,397,489
657: 729,706,548,606
658: 766
659: 518,577,437,607
660: 682,634,709,686
661: 576,609
662: 
663: 636,686,583
664: 
665: 612,693
666: 474,588
667: 559,641
668: 716,756,614
669: 480,690
670: 756,614
671: 737,672
672: 737,671,755
673: 570,622,626
674: 722,651,699
675: 676,647
676: 653,675,601,597
677: 701,744,654,789
678: 724,698
679: 549,548,705,728,655
680: 514,572
681: 743,705
682: 660,579,729,709
683: 629,654,546,723
684: 634,727
685: 633
686: 610,660,663
687: 
688: 637
689: 
690: 536,537,669,735
691: 590,642,561,537
692: 737
693: 753,665
694: 
695: 645,513,562,618
696: 719,618
697: 651,719,757,650
698: 701,765,721,724,678
699: 721,597,674
700: 793,726,730,630,707
701: 677,698,625,721,744
702: 789,704,723
703: 609,748
704: 765,702,789
705: 679,728,747,631,681
706: 657,631
707: 782,726,700
708: 748
709: 634,727,729,660,682
710: 784
711: 
712: 717,715
713: 
714: 
715: 736,712
716: 734,668,614
717: 712,770
718: 591
719: 696,697,650
720: 739,777
721: 699,597,701,698
722: 647,674,651
723: 747,683,702,546
724: 761,678,698,765
725: 783
726: 793,700,576,707
727: 709,684,729
728: 546,655,747,679,705
729: 657,682,709,727
730: 630,763,793,700
731: 
732: 
733: 736
734: 716
735: 623,536,690,592,566,481
736: 715,733
737: 672,692,671
738: 757,650,797,774,775
739: 720,760,757
740: 
741: 745
742: 775,760,758
743: 681
744: 701,677,629,654
745: 796,776,741
746: 799
747: 723,546,728,705
748: 708,703
749: 
750: 498
751: 
752: 
753: 693
754: 771
755: 672
756: 670,668,559,614
757: 738,650,697,739
758: 776,742,760
759: 772
760: 739,742,758
761: 724
762: 
763: 730
764: 
765: 698,724,789,704
766: 658,630,782
767: 
768: 
769: 
770: 717,774
771: 754
772: 759
773: 796
774: 797,770,738
775: 738,742
776: 758,745
777: 720
778: 795
779: 
780: 
781: 
782: 707,630,766
783: 725
784: 710
785: 
786: 
787: 788
788: 787
789: 702,677,765,704
790: 801,791
791: 790
792: 801,800
793: 726,700,730
794: 
795: 778
796: 773,745
797: 774,738,650
798: 
799: 746