0: 
1: 
2: 
3: 
4: 
5: 
6: 
7: 
8: 38,21
9: 11,27
10: 
11: 9
12: 
13: 
14: 43,80,24
15: 
16: 
17: 143,91,98,79,73
18: 
19: 
20: 118
21: 36,8
22: 
23: 225,93
24: 100,43,14
25: 
26: 44
27: 74,9
28: 
29: 
30: 
31: 88
32: 37
33: 
34: 48
35: 42
36: 221,21
37: 32,89
38: 8
39: 62,57
40: 
41: 122,169,170
42: 35,60
43: 14,24
44: 64,58,26
45: 85,62,175
46: 67
47: 
48: 34
49: 217,163,244,162
50: 132,134,113
51: 95,70
52: 161,71
53: 221
54: 
55: 91
56: 167,140,96,72
57: 125,39,105
58: 44
59: 97,121,77
60: 100,42
61: 120
62: 39,45
63: 
64: 44
65: 
66: 71
67: 46
68: 192,96,138,253,224
69: 
70: 95,51
71: 66,52
72: 138,56,191,96
73: 93,17,98
74: 27
75: 79
76: 101,150
77: 150,121,59
78: 178,123,229
79: 75,98,17,91
80: 14
81: 100
82: 177,207,231
83: 208
84: 
85: 45,105,177,153
86: 137,159
87: 
88: 31,142,162
89: 37
90: 115,217,163,167
91: 143,17,55,79
92: 117,169,170,171,224,116
93: 73,23
94: 103
95: 70,51
96: 56,138,72,253,68
97: 59,123,121,122,194,229
98: 79,17,73,116
99: 125
100: 60,24,81
101: 76,150,174
102: 228,257,178,255
103: 94
104: 378,321
105: 57,85
106: 
107: 
108: 
109: 327
110: 272
111: 241,272,134,270
112: 133
113: 135,50
114: 
115: 247,90,217
116: 98,171,92,170
117: 92,169,224,192
118: 304,20,138,248
119: 145,169
120: 61
121: 225,77,59,97
122: 41,194,97
123: 97,229,78
124: 174,150,146
125: 57,99,126
126: 230,172,125
127: 203,286,316,230
128: 
129: 
130: 
131: 233,294
132: 134,50,270
133: 112
134: 132,50,272,111,270
135: 113
136: 240
137: 270,86,159
138: 72,96,118,68
139: 335,216,276,302,361
140: 56
141: 189,186,213,327
142: 186,88
143: 17,91
144: 252,147
145: 198,119
146: 150,124
147: 202,168,196,144,252
148: 248,251
149: 342,341,257,258
150: 77,146,101,76,124,174
151: 
152: 176,260,345,320
153: 85
154: 
155: 207,261,180
156: 
157: 188,210
158: 185
159: 137,86
160: 
161: 52
162: 88,49,244
163: 49,244,90,167,165
164: 218,190,334,389,335
165: 163,244
166: 276,361
167: 56,163,90,191
168: 147,250,227,490
169: 117,92,41,119
170: 92,116,225,41
171: 224,116,92
172: 285,203,230,126
173: 259,346,200,345
174: 124,101,150
175: 45
176: 200,345,152
177: 85,82
178: 285,78,102,255
179: 262,320,233
180: 231,294,155,207,317
181: 
182: 
183: 
184: 274,358,300,387
185: 158
186: 213,142,141
187: 
188: 157,210,267
189: 141,217
190: 334,389,331,164,243
191: 167,72
192: 193,68,224,117,249
193: 192,249
194: 198,122,97,229,228
195: 251,196
196: 395,195,147
197: 312,281,340,279,369
198: 145,194,205,228
199: 250,369,254,340,395
200: 173,176,345
201: 315,316,258,346
202: 147,252,341
203: 172,285,286,230,127
204: 380
205: 252,198,228,257
206: 237
207: 155,82,180,231
208: 287,83
209: 290
210: 157,188
211: 
212: 
213: 327,186,141
214: 239,268
215: 328,300
216: 139,335,276
217: 49,189,115,90
218: 164
219: 220,364,223,278,307,222
220: 219,364,223,361
221: 36,53
222: 219,223
223: 220,219,222
224: 253,171,192,68,117,92
225: 121,23,170
226: 342,343,431
227: 490,279,168,371
228: 102,198,194,205
229: 194,123,97,78
230: 126,172,203,127
231: 180,294,207,82
232: 313,344,315,403
233: 131,262,179
234: 470,265
235: 
236: 
237: 206
238: 385
239: 214,267
240: 136
241: 111,272
242: 
243: 477,301,331,190
244: 163,49,162,165
245: 386,299,296,295
246: 366,254,308,395
247: 115,276
248: 148,118,304
249: 193,192,251
250: 199,168
251: 148,249,195
252: 144,205,202,147
253: 224,96,68
254: 280,308,246,395,199
255: 286,102,285,178
256: 372,291,319,400,465
257: 205,102,149
258: 149,201
259: 346,173,344,405,372
260: 345,291,152,404
261: 155
262: 320,233,179
263: 468,435,409,352
264: 407,408,292
265: 234
800: 787
267: 188,239,296
268: 214
269: 297
270: 137,111,132,134
271: 416
272: 110,241,111,134
273: 416,274
274: 184,385,476,273
275: 390,424,307
276: 139,216,247,166
277: 392,483,394
278: 307,219
279: 369,197,227,371
280: 254,308,336
281: 197,312,340,368,484
282: 575,457,427,367,430,310
283: 373,284,370
284: 310,283,370
285: 172,178,203,255,286
286: 255,316,285,203,127
287: 208,436,379
288: 409,347
289: 527,377,375,496
290: 209
291: 372,256,260,404
292: 408,264
293: 350
294: 180,231,317,131
295: 296,357,245
296: 295,267,245
297: 269
298: 447,476
299: 386,245,357
300: 184,328,215
301: 243,359
302: 360,334,139,335,390,364,361
303: 478,387,507,326
304: 118,248
305: 451,448,424,332
306: 446,451,448,449
307: 278,390,275,219,364
308: 280,254,366,336,246
309: 337,391,425,452,423
310: 284,282,457,461
311: 461,370,373
312: 197,281,338
313: 232,460,374,403
314: 398,432,399
315: 201,342,232,344
316: 286,201,127,346
317: 180,294
318: 466
319: 376,400,256,465
320: 262,152,179
321: 104,378
322: 382
323: 
324: 
325: 386
326: 387,303
327: 213,109,141
328: 300,215
329: 422,478,332,418,510
330: 387,415,358
331: 190,389,243
332: 359,418,329,422,448,305
333: 336,365,337
334: 190,164,335,302,360
335: 139,216,164,334,302
336: 333,280,308
337: 309,333,423
338: 367,312
801: 790,792
340: 199,197,281
341: 342,149,202
342: 226,341,149,315
343: 490,226,431
344: 232,315,259,346,403
345: 260,200,173,176,152
346: 259,173,316,201,344
347: 409,288
348: 499,611
349: 519,433,632,437,525
350: 293
351: 435,379,352
352: 435,351,263
353: 357
354: 355
355: 354
356: 529
357: 353,295,299
358: 184,387,330
359: 332,418,301
360: 302,334,477,390
361: 220,364,139,302,166
362: 648,596,540
363: 446,479,392
364: 220,219,361,302,390,307
365: 419,333
366: 246,308
367: 338,430,282,427
368: 423,511,484,281
369: 199,279,197
370: 461,311,284,373,283
371: 279,227
372: 291,256,259,405
373: 283,370,311,460
374: 313,403,399
375: 492,522,406,289
376: 464,319,400,522
377: 289,463,573,433
378: 104,321
379: 435,351,287
380: 204
381: 527
382: 322
383: 
384: 
385: 476,238,274
386: 245,299,325
387: 330,507,184,358,326,303
388: 444,639,588,414
389: 190,331,164
390: 275,302,360,364,307
391: 393,449,420,309,425
392: 277,483,363,479
393: 449,391,425,394
394: 393,277,425,426
395: 196,246,254,199
396: 432,400
397: 603,489,656,575,427
398: 571,314
399: 432,314,374
400: 376,319,396,256
401: 547,428,571
402: 521,520,491
403: 405,313,232,344,374
404: 260,291
405: 403,259,372
406: 515,432,375,522
407: 468,467,264
408: 292,264
409: 347,288,435,263
410: 470
411: 
412: 414,588,643
413: 639,557,471,444
414: 412,388
415: 330,447,560
416: 271,273
417: 
418: 332,359,329
419: 420,365,451,424
420: 419,449,391
421: 473,507,475
422: 329,332,448,446
423: 368,337,309
424: 451,305,275,419
425: 426,393,391,309,394
426: 425,394,485
427: 575,282,367,430,489,397
428: 461,401
429: 459,575,457,603,552
430: 489,367,282,427
431: 343,226
432: 396,399,314,406
433: 349,573,377,525
434: 682,634,494,686,660
435: 351,379,409,352,263
436: 465,287
437: 632,521,349,519
438: 580,467
439: 
440: 
441: 555,556
442: 
443: 613
444: 388,471,413
445: 501,563
446: 363,306,422,448
447: 298,560,415
448: 451,305,332,422,446,306
449: 393,391,306,420
450: 649,479,505,530
451: 448,305,424,306,419
452: 309,511
453: 486,516,624,512
454: 458,485,545,486
455: 656,545,486,489
456: 656,543,598
457: 575,282,310,429
458: 454,485,545,511
459: 429,552,493
460: 373,313
461: 370,311,428,310
462: 680
463: 573,551,377
464: 376,492,522
465: 436,256,319
466: 318,555
467: 438,407,468
468: 407,263,467
469: 578,635,554
470: 234,410
471: 413,557,444
472: 500
473: 421,475
474: 
475: 533,473,421
476: 385,298,274
477: 243,360
478: 303,329,510
479: 450,649,363,392
480: 619,616,561,690
481: 593,569,566,621,653
482: 568,512,600,508,598
483: 277,392,648
484: 511,368,281
485: 454,458,426
486: 453,516,454,455
487: 567,532,669,619
488: 517,493,491
489: 430,656,455,427,397
490: 227,168,343
491: 488,520,402
492: 375,522,464,496
493: 547,459,488
494: 610,682,434,581
495: 
496: 492,289,527
497: 553
498: 
499: 611,636,526,348
500: 472
501: 620,445
502: 613
503: 620
504: 509,565
505: 510,530,533,450
506: 540,595,567
507: 387,421,303
508: 543,598,482,600,514
509: 504
510: 505,478,533,329
511: 484,452,368,458
512: 568,482,453
513: 719,618
514: 543,508
515: 406
516: 624,541,486,453
517: 552,488,628,544,520
518: 606,602
519: 349,437
520: 544,574,517,491,402
521: 402,602,437
522: 492,375,406,376,464
523: 550,605,581
524: 635,554
525: 550,349,433,632
526: 608,578,499,636
527: 289,381,496
528: 
529: 356
530: 505,450,649
531: 563,620,594,532
532: 594,531,487
533: 475,565,510,505
534: 616,594,667
535: 570,600,646,568
536: 645,591,562
537: 590,691,645,695
538: 648,596,624
539: 542
540: 506,595,362
541: 516
542: 593,539
543: 508,456,514,572
544: 574,520,604,628,517
545: 454,458,455
546: 654,629,702,705
547: 551,401,493,571
548: 631,681,728,729
549: 657,706
550: 525,607,523,581
551: 547,571,463,573
552: 517,603,429,459
553: 497
554: 580,524,635,469
555: 441,466
556: 441
557: 413,613,471
558: 559
559: 558,756,641
560: 447,415
561: 690,691,617,480
562: 674,536,591,675
563: 531,620,445
564: 595
565: 533,504
566: 735,569,481
567: 487,669,506
568: 512,482,535,600
569: 593,481,623,735,566
570: 535,673,646,592
571: 398,551,547,401
572: 604,628,543,680
573: 463,551,433,377
574: 544,520,604
575: 282,457,427,603,397,429
576: 726,729
577: 659,682,579
578: 469,526
579: 682,634,577,657,709
580: 554,438
581: 605,550,494,523
582: 584
583: 637
584: 582,688
585: 
586: 
587: 
588: 639,388,412
589: 641,617,642
590: 537,695,672
591: 695,536,645,562
592: 621,646,570
593: 569,481,542,621
594: 616,534,532,531
595: 506,540,623,564
596: 648,538,362
597: 676,622
598: 508,482,456
599: 744,673,626
600: 535,568,482,508
601: 622,673,626,677
602: 659,521,518
603: 397,575,429,552
604: 572,628,680,544,574
605: 581,523
606: 518,652
607: 610,659,632,550
608: 526,663,636
609: 727,748,703
610: 607,494,659,682
611: 499,348
612: 
613: 443,502,557
614: 694,670
615: 666
616: 594,534,617,480
617: 641,589,616,561
618: 719,647,513,674
619: 669,480,487
620: 503,501,531,563
621: 646,593,481,592
622: 601,597
623: 595,735,569
624: 516,538,453
625: 699,698,724
626: 677,673,601,599,744
627: 655,652,679,728
628: 604,572,517,544
629: 654,701,683,655,546
630: 783,766
631: 681,548,705,728
632: 437,349,525,607
633: 686
634: 682,579,434,709
635: 524,554,469
636: 499,608,526
637: 688,583
638: 
639: 413,588,388
640: 
641: 589,617,559
642: 670,756,589
643: 412
644: 771,733
645: 536,691,537,591,695
646: 621,592,570,535
647: 719,650,618
648: 538,596,362,483
649: 450,479,530
650: 719,647,757
651: 722,696,699
652: 606,627,679
653: 676,481,675
654: 629,701,723,702,546
655: 627,629
656: 456,455,489,397
657: 706,549,579
658: 769,766,782
659: 602,577,607,610
660: 685,434,686
661: 748,708,784
662: 
663: 608,686
664: 
665: 
666: 615
667: 534
668: 756
669: 619,567,487
670: 642,756,614
671: 672,755
672: 755,590,671,695
673: 570,601,599,626
674: 562,675,618,722
675: 674,562,676,653
676: 597,653,675,722
677: 626,601,698,723,701
678: 721,739
679: 728,627,652
680: 604,572,462
681: 631,548,793,726
682: 579,434,634,577,610,494
683: 744,629,701
684: 709,727,685
685: 660,684,727
686: 434,660,663,633
687: 
688: 637,584
689: 
690: 561,691,480
691: 561,690,537,645
692: 712,774
693: 
694: 614,734,718
695: 591,590,537,645,672
696: 651,739
697: 742,739
698: 789,723,625,677
699: 625,651,721,724
700: 726
701: 654,629,744,677,723,683
702: 704,789,723,654,546
703: 609
704: 702,789,747
705: 546,743,631
706: 657,549
707: 
708: 784,711,661
709: 684,579,634
710: 782
711: 708
712: 692
713: 
714: 
715: 
716: 
717: 770
718: 694
719: 650,647,618,513
720: 758,773,760,776
721: 678,699,724
722: 651,674,676
723: 698,789,677,654,701,702
724: 699,625,721,765
725: 
726: 793,700,681,576
727: 609,684,685
728: 679,627,631,548
729: 548,576
730: 743,762,793
731: 
732: 
733: 644
734: 694
735: 623,569,566
736: 
737: 
738: 770,775
739: 678,696,697
740: 745,758,773
741: 
742: 697
743: 730,747,705,793
744: 599,626,683,701
745: 740,773,796
746: 763,779,799
747: 704,743,762
748: 609,661
749: 769,766,767
750: 
751: 
752: 
753: 
754: 785
755: 672,671
756: 668,559,670,642
757: 650
758: 720,773,760,740
759: 
760: 720,758,775
761: 762
762: 730,747,761
763: 746,799,783
764: 794
765: 724
766: 769,749,630,658
767: 749
768: 
769: 766,749,658,782
770: 717,738,775
771: 644
772: 798
773: 720,758,740,745
774: 797,692
775: 738,770,760
776: 720
777: 781
778: 
779: 780,746
780: 781,779
781: 777,780
782: 710,658,769
783: 630,763,799
784: 708,661
785: 754
786: 
787: 800
788: 
789: 698,723,702,704
790: 801,792,791
791: 790,795
792: 801,790
793: 726,743,730,681
794: 764
795: 791,799
796: 745
797: 774
798: 772
799: 746,763,783,795