0: 
1: 
2: 
3: 
4: 
5: 
6: 
7: 37
8: 11
9: 11
10: 
11: 9,8
12: 
13: 
14: 
15: 
16: 
17: 79,73
18: 35,22
19: 
20: 118,138,166,68
21: 221
22: 74,36,18
23: 60,116,124,225
24: 100,76
25: 44
26: 
27: 
28: 64
29: 
30: 
31: 88
32: 89
33: 
34: 133,67
35: 74,18
36: 74,22
37: 7
38: 89
39: 57
40: 
41: 78,59,121
42: 43
43: 42
44: 25
45: 62,81,125,57
46: 
47: 161
48: 71,133,52
49: 163,142
50: 186,113
51: 70,95
52: 67,48
53: 66,143
54: 
55: 
56: 192
57: 125,39,45,150
58: 
59: 228,41,77
60: 76,23,93,103,116
61: 
62: 45,125
63: 
64: 28
65: 
66: 53,143
67: 52,34
68: 72,192,20,138,224,193
69: 
70: 51,244
71: 48
72: 68,166
73: 116,17,122
74: 35,36,22
75: 98
76: 60,93,24,124
77: 59,178,255
78: 41,146,225,121
79: 103,17
80: 
81: 45
82: 317
83: 262,231
84: 106,182
85: 175
86: 
87: 108
88: 31,189
89: 32,38
90: 247,217,165
91: 143,221
92: 169,171,122,119
93: 76,60,103
94: 
95: 51
96: 244,140,117
97: 170,119,123,228
98: 75,253,171
99: 121,229
100: 24
101: 146,174
102: 198,205,255
103: 79,60,93
104: 237,206
105: 
106: 84
107: 
108: 87
109: 270,111,134
110: 211,272
111: 270,109,134,389
112: 
113: 50
114: 
115: 163,162
116: 73,60,23
117: 96,140,253
118: 20,138,166,222,333,304
119: 97,122,92
120: 
121: 99,78,41
122: 92,73,119
123: 341,97,228,198
124: 146,225,76,23
125: 177,57,45,62
126: 172,316,207,150
127: 180,346,173
128: 
129: 
130: 294,151,236
131: 231,204
132: 
133: 34,48
134: 241,109,111
135: 141,186
136: 267
137: 184,416,300
138: 20,118,68,333,248
139: 164,167
140: 96,117
141: 135,186,213
142: 189,213,49
143: 66,53,91
144: 224,193,251,145,148
145: 144,147,148,252
146: 124,101,225,78
147: 148,252,145,395,195
148: 147,144,248,145
149: 374,201,226,315
150: 207,126,57
151: 130
152: 176,320,261,233
153: 
154: 
155: 261,200
156: 
157: 210
158: 240
159: 160,416
160: 159,331
161: 47
162: 189,115,217
163: 327,49,115
164: 139,167
165: 217,244,90
166: 223,222,191,72,20,118
167: 364,218,139,164
168: 342,227,196
169: 92,171,251
170: 97
171: 98,169,92
172: 126,229,316
173: 232,127,176
174: 101
175: 85
176: 320,152,372,173,261
177: 125
178: 255,229,77,203
179: 263
180: 127,286,200
181: 
182: 84
183: 
184: 137,273,387
185: 
186: 50,135,141,213
187: 188,295
188: 187,212
189: 142,88,162
190: 390,328
191: 247,223,166,276
192: 56,68,224
193: 224,144,68,248
194: 341,252,490,195
195: 490,147,252,194
196: 395,168
197: 250,281,431,484
198: 102,123,341,228,205,255
199: 312,227
200: 180,155
201: 374,149,315,313,460
202: 490,342
203: 316,178,286
204: 231,131,287,290
205: 341,490,198,102
206: 104
207: 150,126
208: 351,292
209: 290
210: 242,212,157
211: 110
212: 210,242,188
213: 142,141,186
214: 
215: 510,533,418
216: 302,364,361
217: 244,165,162,90
218: 364,167,247,276
219: 278,336,391
220: 304,307
221: 91,21
222: 223,166,118,304
223: 166,276,222,191
224: 144,193,251,192,68
225: 124,146,23,78
226: 257,315,149
227: 168,199
228: 59,97,123,198
229: 99,178,172
230: 
231: 204,131,83,290
232: 173,259,344,400
233: 260,152
234: 
235: 262
236: 130
237: 294,104
238: 384
239: 245,296
240: 158
241: 134
242: 210,212
243: 334,390,305,360,477
244: 217,165,96,70
245: 239,295
246: 366,248,395,254
247: 218,191,90
248: 138,193,246,148
249: 252
250: 197,279,431
251: 224,144,169
252: 147,145,249,194,195
253: 117,98
254: 395,366,246,280
255: 178,198,102,77
256: 465,404,345,260
257: 226,346
258: 285,346
259: 346,232,344
260: 233,256,404
261: 155,176,152
262: 83,235
263: 179,436,351
264: 470
265: 
800: 
267: 136
268: 
269: 353
270: 109,111,335,327
271: 325,385
272: 110
273: 415,184,326
274: 297,386
275: 477,424,393
276: 223,364,218,191
277: 624,306,450,449,446
278: 219,363,337,308
279: 250,369,312
280: 308,254,312
281: 368,197,484
282: 367,338,575
283: 431,343,314,313
284: 338,373,311
285: 258,286
286: 180,285,203
287: 317,204
288: 435,409
289: 551,463,573,547
290: 209,231,204
291: 396,376,379
292: 208
293: 410
294: 237,130
295: 245,296,187
296: 239,295
297: 274
298: 476
299: 416
300: 328,137,387
301: 334,478,332,305
302: 216,390,365,360
303: 475,563,447,533
304: 333,220,222,118
305: 332,243,301,477
306: 277,450,596
307: 391,220
308: 280,278,336
309: 485,511,425,430
310: 367
311: 373,284,314
312: 199,280,279
313: 314,283,315,343,201
314: 313,283,311
315: 343,226,313,149,201
316: 203,126,172
317: 287,82
318: 466,553
319: 404
320: 176,152,372,345
321: 
322: 
323: 
324: 355,353
325: 385,271
326: 447,415,529,273
327: 163,270,335
328: 300,190,334
329: 418,359,479
330: 560
331: 160
332: 359,305,301
333: 304,118,138
334: 243,301,478,328,390
335: 270,327
336: 219,308
337: 423,419,363,278
338: 284,484,282,575
801: 799,780,779
340: 369,423
341: 194,123,490,198,205
342: 168,202
343: 315,283,313
344: 400,432,259,232
345: 405,320,256
346: 259,257,258,127
347: 522,496
348: 
349: 544,517
350: 
351: 208,436,263
352: 408
353: 355,324,357,269
354: 560,443,476
355: 353,324,442
356: 
357: 353,384
358: 507,529,475
359: 332,329,448
360: 365,243,302
361: 216
362: 646,569,567,539
363: 391,393,278,337
364: 167,218,216,276
365: 360,302
366: 246,254
367: 310,282,545
368: 369,281
369: 340,368,279
370: 460,398,461,406
371: 
372: 176,320,400,405
373: 311,428,284
374: 149,201,460,432
375: 522,463,377
376: 405,291
377: 492,527,463,375
378: 
379: 435,291,465
380: 
381: 547,433,519
382: 
383: 442
384: 238,357
385: 325,271
386: 274
387: 184,300,478
388: 471,413,503
389: 111
390: 190,334,243,302
391: 307,363,219
392: 450,649,479
393: 424,275,363
394: 426,419
395: 196,254,246,147
396: 291,403
397: 429,488,552
398: 460,370,406,571
399: 571,403
400: 344,232,372,405
401: 493,459
402: 491,602,521
403: 571,399,396
404: 256,260,319
405: 345,376,400,372
406: 461,515,398,370,551
407: 554,468,467,553
408: 352
409: 436,435,288
410: 293
411: 
412: 667,559,639,594
413: 474,388
414: 473
415: 273,326
416: 159,299,137
417: 643,503,444
418: 329,422,510,215
419: 423,337,452,394
420: 426,446,451,424
421: 445,563
422: 418,510,649,505
423: 419,337,452,340
424: 393,275,448,420
425: 430,455,309,485,453
426: 420,449,446,394
427: 456,489
428: 373,461
429: 397,552
430: 425,455,309,545
431: 283,250,197
432: 344,374
433: 547,381,573,459
434: 634,579,581,660
435: 379,465,288,409
436: 409,263,351
437: 519,491,602,607,523
438: 468
439: 526,580,554
440: 
441: 555
442: 383,355
443: 557,354
444: 445,471,417
445: 421,444,473,563
446: 420,449,426,277
447: 326,475,303,533
448: 359,451,424
449: 426,446,277,541
450: 392,277,306
451: 479,448,420
452: 423,419,511
453: 485,483,425
454: 508,593,535
455: 425,430,486,656
456: 427,656,512
457: 603,575
458: 516,564,535
459: 573,401,433
460: 398,370,374,201
461: 406,515,428,370
462: 682,652,606,517
463: 289,547,375,377
464: 522
465: 256,435,379
466: 318,499
467: 553,407,468
468: 407,438,467
469: 578,636
470: 264
471: 388,444
472: 
473: 414,445
474: 413,588
475: 303,529,358,447
476: 298,354
477: 275,243,305
478: 387,334,301
479: 451,329,392
480: 487
481: 622,675,591,653
482: 598,744,599,543
483: 485,541,453,624,516
484: 338,197,281
485: 541,483,453,309,425
486: 455,656
487: 531,616,480,540
488: 628,397,544
489: 427,598,604
490: 195,202,194,341,205
491: 493,402,519,437
492: 377,527,632
493: 491,401,520
494: 581,660
495: 
496: 524,347
497: 
498: 582
499: 466
500: 
501: 641
502: 613
503: 639,588,388,643,417
504: 565
505: 649,510,533,565,422
506: 648,538,567,509,531,619
507: 529,358
508: 454,621,543
509: 530,506
510: 215,533,418,422,505
511: 309,452
512: 598,456,656
513: 671,690,737,618,537
514: 628,604,600,572
515: 461,406,573,551
516: 458,596,539,483
517: 606,544,349,462
518: 682,729,549
519: 437,491,381,523
520: 552,493
521: 602,606,402
522: 375,527,347,464
523: 632,519,437,607,525
524: 496
525: 610,550,607,632,523
526: 439,580
527: 377,492,522
528: 
529: 507,358,326,475
530: 509
531: 616,487,506,619
532: 620,561
533: 510,215,447,303,505
534: 559,691
535: 593,564,458,454
536: 645,623
537: 690,513,672
538: 648,506
539: 596,646,362,516,564
540: 595,487,619,569
541: 485,483,449,624
542: 601,569
543: 744,508,621,482
544: 572,349,628,488,517
545: 430,367
546: 574,683,655
547: 433,381,573,463,289
548: 729,654
549: 681,729,518,679
550: 525,605
551: 289,406,515
552: 520,429,397,603
553: 467,407,318
554: 407,439
555: 441
556: 
557: 613,443
558: 617,668
559: 667,412,691,534
560: 354,330
561: 695,645,532
562: 566,735
563: 303,421,445,565
564: 593,535,539,646,458
565: 563,504,505
566: 562,623,595,669,735
567: 648,506,619,362,569
568: 626,621,570,673
569: 362,567,619,540,542
570: 621,622,568
571: 399,403,398
572: 544,628,514,680
573: 459,515,289,547,433
574: 600,655,680,546
575: 282,338,457
576: 703,706
577: 659,579
578: 636,686,469,580
579: 610,577,434
580: 578,526,439
581: 494,660,434
582: 498
583: 636,637
584: 638
585: 
586: 
587: 
588: 639,503,474
589: 670,614,671,737
590: 614,737
591: 592,675,481,653
592: 591,597,653
593: 564,535,454
594: 643,639,667,412
595: 540,669,566,623
596: 539,306,516
597: 735,592
598: 512,482,489,604
599: 744,701,482,600
600: 574,599,701,514
601: 675,542
602: 521,607,402,437
603: 457,552
604: 628,514,598,489
605: 663,550
606: 517,462,521
607: 602,437,523,610,525
608: 686
609: 685
610: 525,579,607
611: 
612: 666,668
613: 557,502
614: 590,589
615: 
616: 531,487
617: 558,756
618: 513,672,718
619: 531,567,506,540,569
620: 532,641
621: 570,508,568,543
622: 481,653,570
623: 566,536,595
624: 277,541,483
625: 699,626
626: 568,625
627: 793,654,728
628: 604,514,488,544,572
629: 702,789,683,705
630: 700,762,766
631: 761,725
632: 523,492,525
633: 
634: 434,709,660
635: 
636: 578,686,469,583
637: 583
638: 584
639: 588,503,594,643,412
640: 736
641: 643,501,620
642: 774,694,734
643: 594,417,641,639,503
644: 733,692
645: 561,695,536
646: 362,539,564
647: 674,721,697,651
648: 538,567,506
649: 505,422,392
650: 770,738,712
651: 647,721
652: 655,462,657
653: 592,591,481,622
654: 728,705,548,627
655: 680,652,574,546
656: 456,455,486,512
657: 729,652,682
658: 726
659: 577
660: 494,581,434,634
661: 711,727
662: 
663: 605,686
664: 
665: 
666: 693,612
667: 559,412,691,594
668: 612,558
669: 595,566
670: 695,756,589
671: 690,737,513,589
672: 718,722,618,537
673: 698,568,744,701
674: 647,697
675: 601,591,481
676: 
677: 721
678: 741,720
679: 703,706,549
680: 655,574,572
681: 549
682: 462,657,518
683: 789,629,546
684: 685,748
685: 684,748,609
686: 578,636,663,608
687: 
688: 
689: 
690: 671,513,537
691: 667,559,534
692: 733,644
693: 666
694: 774,642,733,797
695: 561,670,645
696: 697
697: 647,674,696
698: 673,704
699: 625
700: 630,769
701: 744,599,673,600
702: 629,743,704,789,723
703: 706,679,576,793
704: 698,702,743
705: 654,728,723,629
706: 703,679,576
707: 782
708: 710
709: 634
710: 708
711: 661
712: 650
713: 
714: 
715: 754,786
716: 
717: 724,741
718: 672,618,719
719: 755,718,757
720: 775,678
721: 647,651,677
722: 672,757
723: 728,705,702
724: 717
725: 631,761,783
726: 658
727: 661
728: 654,705,723,627
729: 548,657,518,549
730: 793,783
731: 782
732: 
733: 692,694,644
734: 736,642
735: 566,562,597
736: 640,734
737: 671,513,589,590
738: 770,650,742
739: 
740: 742,770,758
741: 678,717
742: 740,738
743: 702,704,765,747
744: 599,701,543,482,673
745: 781,796
746: 792,795
747: 765,743
748: 685,684
749: 769
750: 
751: 
752: 
753: 
754: 715,786
755: 719
756: 617,670
757: 722,719
758: 740,775
759: 
760: 
761: 631,725
762: 763,630
763: 762,777
764: 
765: 747,743
766: 630
767: 
768: 
769: 749,700
770: 650,738,740
771: 
772: 
773: 780,777
774: 642,694,797
775: 720,758,776
776: 775
777: 780,773,763
778: 
779: 795,799,801
780: 777,773,801
781: 745
782: 707,731
783: 725,730
784: 
785: 
786: 754,715
787: 
788: 
789: 683,702,629
790: 
791: 795
792: 746
793: 627,730,703
794: 
795: 779,791,746
796: 745
797: 774,694
798: 
799: 801,779