0: 
1: 
2: 
3: 
4: 
5: 
6: 9
7: 12
8: 9,94,24
9: 94,6,8
10: 
11: 13,27
12: 7,22
13: 11,27
14: 103,174
15: 
16: 
17: 38
18: 
19: 
20: 166,221,92
21: 
22: 12
23: 35,53
24: 35,94,8
25: 58,43
26: 
27: 13,11,40
28: 
29: 133,30
30: 29,133
31: 88,49,69
32: 112
33: 
34: 66
35: 23,24
36: 55
37: 
38: 17,53
39: 150,124,85
40: 61,42,27
41: 120,74
42: 40,103,60
43: 25,58,61
44: 64
45: 175,82
46: 133,67
47: 
48: 71,112
49: 89,31,69,70
50: 186,67
51: 52,143,140,96,75
52: 143,51
53: 23,38
54: 
55: 36
56: 117,93
57: 146,99,172,125
58: 25,43
59: 79,76,77
60: 85,42
61: 40,43
62: 105,150,172
63: 128
64: 44
65: 108,185
66: 34
67: 46,50
68: 90,167,72,115,118
69: 165,189,31,49,70
70: 138,49,69
71: 48,89
72: 138,95,167,68,91
73: 75
74: 41,101
75: 117,51,96,73
76: 59,79,120
77: 59,79,121,98,78
78: 99,77,121,146
79: 59,76,77,116,98
80: 
81: 107
82: 180,45
83: 231,204
84: 106,104
85: 60,39
86: 210,110,242
87: 
88: 31,135,189
89: 49,71
90: 167,68,191,115,141
91: 221,140,95,72
92: 20,224,171
93: 56
94: 9,8,24
95: 138,72,143,91,140
96: 221,140,51,75,117
97: 121,119,194,253,122,225
98: 121,194,116,79,77
99: 78,57,150,124
100: 128
101: 103,74
102: 125,127,126
103: 14,101,42
104: 294,84,106
105: 62
106: 84,294,104
107: 81
108: 65
109: 111,187
110: 86
111: 109,187
112: 161,32,48
113: 162,134,164,159,163
114: 
115: 191,90,68,118
116: 253,79,98,194
117: 75,56,96
118: 193,68,115,166
119: 121,97,225,146,123
120: 41,76
121: 98,97,119,194,77,78,146
122: 145,144,97,198,225
123: 173,119,225,229
124: 39,99
125: 172,57,102
126: 102,205
127: 102
128: 100,63
129: 
130: 
131: 262,209,236,380
132: 188,242,295,157
133: 46,29,30
134: 164,162,113
135: 162,216,88,189
136: 160
137: 163,213,190,159
138: 95,70,72,165
139: 216
140: 221,91,96,143,95,51
141: 191,247,90
142: 165,189,167
143: 52,95,51,140
144: 145,122,170,198
145: 144,122,170
146: 57,121,119,78
147: 251,198,229,279,228
148: 224,195,192
149: 372,345,315,201,203
150: 39,99,172,62
151: 
152: 153,207,180,204
153: 152
154: 155
155: 237,154
156: 
157: 158,132
158: 157
159: 327,164,113,137,163,213
160: 136,186
161: 112
162: 216,113,135,134,163
163: 137,159,162,216,113
164: 327,159,134,113
165: 69,189,142,138,167
166: 20,118
167: 90,68,165,142,72
168: 341,252,338,280
169: 250,248,195,196,337
170: 254,195,145,144
171: 253,92
172: 125,57,150,62
173: 123,178
174: 14
175: 45
176: 261,256,207,177,201,230
177: 201,203,230,176
178: 173,226,205
179: 233,435,259,290
180: 82,152
181: 206
182: 
183: 210
184: 416,386,271,353
185: 65
186: 50,160,211
187: 272,109,111
188: 132,242,295,272
189: 69,165,88,135,142
190: 137,213,218,217,244,331,276
191: 115,141,90,249
192: 195,219,193,148,248
193: 219,118,192
194: 121,98,97,253,116
195: 192,148,169,254,170
196: 252,337,169,254,199
197: 227,257,255
198: 225,229,144,122,147,251
199: 254,252,196,251,341,279
200: 205,285,202,226
201: 177,203,149,372,176,256
202: 228,226,255,200,316
203: 177,201,285,149
204: 152,207,83
205: 200,285,178,126
206: 181,236
207: 261,176,230,152,204
208: 380
209: 262,131,320,380
210: 183,86,242
211: 186
212: 
213: 137,190,159,245,217
214: 269
215: 389,270,273
216: 162,135,163,139
217: 218,245,213,190,243
218: 217,190,243,331
219: 193,308,192,248
220: 331,276,390,302
221: 91,140,96,20
222: 395,307,308,364
223: 308,246,302,249
224: 148,92
225: 198,229,122,97,119,123
226: 228,202,178,200
227: 197,371,283
228: 202,226,147,255
229: 198,225,147,123
230: 177,176,207
231: 83,261
232: 317,260,259
233: 179,290,407
234: 382
235: 290,291
236: 262,131,206
237: 155,379,262
238: 296,385
239: 385,298,357
240: 
241: 272,270
242: 188,132,210,86
243: 274,218,217,332
244: 247,190,276
245: 389,270,213,217
246: 223,308,302,304,364,275
247: 244,276,141
248: 169,250,219,308,192
249: 302,191,223
250: 169,248,337,278
251: 147,199,198,279
252: 196,337,199,338,278,341,168
253: 171,116,97,194
254: 170,199,195,196
255: 257,197,228,202
256: 261,176,201,317
257: 342,255,197,283,316
258: 314,346,315,345,405
259: 436,232,179,435
260: 405,400,372,232
261: 176,256,207,231
262: 379,131,209,237,236
263: 321,265,352
264: 
265: 318,321,263
800: 788,777
267: 
268: 
269: 214
270: 245,215,241,327
271: 299,184,416
272: 241,187,188
273: 300,215,389,326,274
274: 326,243,389,273
275: 365,304,306,246
276: 220,331,190,244,247
277: 451,420,393
278: 338,423,250,395,252,337
279: 341,199,147,251
280: 371,338,168
281: 309,369,366,368
282: 459,398,430,396,515
283: 286,284,227,371,257
284: 283,371,312,490
285: 205,200,203
286: 373,283,342,314,313
287: 380,378
288: 292,404,464
289: 409,464,438
290: 235,179,233
291: 317,235
292: 288
293: 
294: 104,106
295: 188,132,325
296: 238
297: 
298: 239,355,357
299: 271,325
300: 273,416,301
301: 303,300,326,448
302: 249,220,390,304,361,223,246
303: 301
304: 361,305,302,246,275
305: 304,361,335,390,333
306: 451,333,275,365
307: 395,222,364
308: 223,246,219,364,248,222
309: 281,424,366,423,340
310: 545,457,369,367
311: 374,343,370,398
312: 371,431,284,490
313: 314,346,373,286,343
314: 313,258,342,286,315
315: 316,342,314,258,149,345
316: 315,202,257,342
317: 232,291,256
318: 265,351
319: 376,400,436
320: 379,209
321: 265,263
322: 410,352
323: 440
324: 
325: 295,299
326: 274,328,273,301,448
327: 164,159,270
328: 326,359,332
329: 530,330,358,448
330: 387,358,448,329
331: 220,276,190,218
332: 335,390,243,328
333: 451,306,335,334,305
334: 360,335,451,333,477
335: 332,390,334,305,333
336: 425
337: 252,196,169,250,278
338: 423,278,252,168,280
801: 742,779,741,745
340: 309
341: 168,279,199,252
342: 257,286,316,315,314
343: 374,311,373,370,313
344: 403,432,376,375
345: 149,372,315,258,405
346: 313,258,405,400,465
347: 408,438
348: 
349: 433,552,437
350: 410
351: 438,318,468
352: 263,322
353: 355,184,416
354: 383,529
355: 357,298,356,353
356: 355,444
357: 355,239,298
358: 387,330,530,329,418
359: 328,419,360
360: 334,359,419,510
361: 304,305,390,302
362: 392,511,363,391
363: 422,538,362
364: 308,246,222,307
365: 275,306
366: 425,424,309,281
367: 431,310,396
368: 484,426,455,281,369,457
369: 281,368,310,457
370: 490,373,311,343
371: 312,280,227,284,283
372: 149,345,201,260
373: 286,370,490,313,343
374: 311,343,465,403
375: 344,376,404
376: 404,319,344,375
377: 523,522
378: 380,287
379: 262,320,237
380: 378,287,131,209,208
381: 496,409,524
382: 234
383: 443,354
384: 
385: 238,239
386: 184
387: 330,358,476,447
388: 414
389: 245,215,273,274
390: 332,335,220,302,361,305
391: 393,362
392: 511,362,452
393: 391,277
394: 426,455,425,452
395: 424,222,307,423,278
396: 282,398,430,367
397: 454,456,458,575
398: 282,396,311
399: 515,460,402,463,492
400: 405,260,346,465,319
401: 402,493,547
402: 401,493,399,433,492
403: 465,344,374
404: 376,375,288
405: 400,260,346,258,345
406: 523,494,580
407: 233
408: 347
409: 289,464,496,381
410: 322,350
411: 470
412: 413,474,471
413: 471,412
414: 388
415: 529
416: 184,271,353,300
417: 503,615,643
418: 421,358,530,478
419: 530,478,359,360,510
420: 477,446,277
421: 418,479
422: 538,363,509
423: 338,278,424,395,309
424: 395,366,423,309
425: 366,336,426,394
426: 455,394,425,368
427: 573,575,604,572
428: 458,429,575,571,488
429: 428,458,430
430: 459,282,396,429
431: 367,312,490
432: 463,344
433: 552,349,492,402,493
434: 579,550,462,518,525
435: 179,259,436
436: 259,319,435
437: 551,525,552,349,494
438: 351,289,347
439: 
440: 323
441: 664
442: 472,500
443: 383,502
444: 476,356
445: 560,475,473
446: 420,510,449
447: 387
448: 301,330,326,329
449: 479,565,510,446
450: 563,540,506,509,483
451: 333,277,306,334
452: 485,392,455,394
453: 516,512
454: 397,489,455,484
455: 426,394,452,368,484,454
456: 598,482,397,489
457: 545,310,369,368,484
458: 428,429,397,545
459: 282,430,461,515
460: 399,515,463
461: 547,488,459
462: 434,550,606,518,548
463: 432,399,460,492
464: 289,409,288
465: 403,346,374,400
466: 581,578,526
467: 
468: 351,469
469: 495,527,468
470: 411
471: 413,412
472: 442
473: 475,505,445
474: 588,412,666
475: 473,445,503
476: 444,387
477: 420,334,510
478: 530,419,418,510,479
479: 449,565,478,421
480: 531,567,648,561
481: 487,568
482: 598,456,516,489
483: 569,596,450,540,509
484: 368,455,454,545,457
485: 452,489
486: 626,516,598,572,514
487: 569,596,481
488: 461,428,571,544
489: 454,485,456,482
490: 370,312,431,373,284
491: 577,493,518,551
492: 433,399,402,463
493: 402,401,491,433,552,551
494: 607,437,525,406
495: 469
496: 580,381,522,409
497: 
498: 
499: 556
500: 502,442
501: 666,560,615
502: 500,443
503: 417,615,643,475
504: 532,563,564,567
505: 473,507
506: 563,450,565
507: 532,505
508: 541,538,511
509: 450,565,422,483
510: 419,478,360,449,477,446
511: 392,362,541,508
512: 542,568,453,516
513: 690,591,715,619,618
514: 486,626,600
515: 399,460,459,282
516: 453,512,598,482,486
517: 544,519,603,574,520
518: 577,491,434,462
519: 544,517,547,520,577
520: 574,519,517,577,521
521: 606,574,520,602
522: 523,377,496
523: 377,522,406,580
524: 527,381
525: 551,437,579,434,494
526: 466,581
527: 524,469
528: 
529: 354,415
530: 329,419,478,358,418
531: 537,669,480,667,620,561
532: 507,533,504
533: 532
534: 558,640
535: 566,540,564,596
536: 593,594,592
537: 531,561,592,619
538: 422,363,569,508
539: 624,568,673
540: 563,450,564,483,535
541: 508,511
542: 512,570,675,626
543: 675,676,601,653
544: 519,517,573,571,603,488
545: 310,457,484,458
546: 600,656
547: 461,519,401
548: 602,657,606,550,462
549: 579,550,659,632
550: 579,434,462,549,548
551: 437,525,493,491,552
552: 433,349,493,551,437
553: 
554: 580,581
555: 584
556: 637,499
557: 585
558: 534
559: 668,617,587
560: 445,501,615
561: 594,648,531,537,480
562: 592,619,650
563: 450,540,506,504,564
564: 567,504,563,540,535
565: 449,479,506,509
566: 535,595,621
567: 564,504,480,648
568: 624,539,481,512
569: 483,487,596,538
570: 675,676,542,626
571: 573,575,428,488,544
572: 598,486,427,604
573: 427,604,571,603,544
574: 627,520,517,521
575: 427,571,397,428
576: 683,705,657,682
577: 491,519,520,518
578: 466,582
579: 434,550,549,525
580: 496,523,406,554
581: 635,554,466,526
582: 578
583: 663
584: 555
585: 639,557,588
586: 
587: 589,616,559
588: 474,585
589: 587,667
590: 670,617,591
591: 715,670,590,690,513
592: 562,619,537,594,536
593: 621,536,646,649
594: 648,561,592,536
595: 621,566,624,649,673
596: 569,483,487,535
597: 601,696,721
598: 572,456,482,516,486
599: 629,654,655
600: 546,514
601: 623,597,543
602: 705,657,548,606,521
603: 656,573,604,544,517,627
604: 573,427,572,603
605: 610,636,632,635,686
606: 521,602,548,462
607: 494,635
608: 663
609: 750
610: 636,605,659,632,634
611: 
612: 613,665
613: 612,639,666
614: 642,670,668,617
615: 417,503,501,560
616: 640,641,587
617: 559,590,614
618: 645,513,715
619: 562,592,537,690,513
620: 667,641,531
621: 595,593,566
622: 653,676,625,701
623: 601,646,647,649
624: 568,539,595,673
625: 702,680,676,622,701
626: 486,542,570,514
627: 574,656,603,628
628: 723,656,627
629: 599,743,655,747
630: 681,707,726
631: 683,728,706,682,729
632: 549,659,610,605
633: 708,710
634: 708,610,636,685
635: 581,607,605,686
636: 610,605,634,660,685
637: 556
638: 
639: 585,613,666
640: 534,616
641: 667,620,616
642: 670,614
643: 417,503
644: 694
645: 618,695,718
646: 647,650,593,623
647: 646,674,623,696
648: 594,561,480,567
649: 673,595,593,623
650: 646,562,695
651: 699,721,697,720,701
652: 723,679,705
653: 622,543,676
654: 599,723,655
655: 679,744,629,599,654,747
656: 603,546,627,628
657: 602,705,548,576
658: 703,726
659: 549,632,610
660: 686,636,685
661: 
662: 752
663: 608,583
664: 441
665: 612
666: 474,639,613,501
667: 641,620,589,531,669
668: 559,614
669: 531,667,691
670: 642,590,614,591,735
671: 756,717
672: 755,718,719
673: 649,595,624,539
674: 647,739,696,719
675: 570,543,542
676: 570,543,653,622,625
677: 789,678,698,762,724
678: 677,789,702,743
679: 655,723,652
680: 625,702
681: 630,730,707
682: 709,684,631,576,729
683: 631,728,576,705
684: 709,682
685: 636,708,634,660
686: 660,605,635
687: 748,711,750
688: 
689: 
690: 691,513,591,619
691: 690,669
692: 717,770,712
693: 
694: 644,735,736
695: 645,650,718
696: 739,647,674,597
697: 720,722,651,699
698: 760,762,720,677,789
699: 651,721,739,722,697
700: 724,747
701: 789,622,651,625,702
702: 625,680,701,678
703: 658
704: 725
705: 602,657,652,683,576
706: 631,728,727
707: 766,793,630,681
708: 633,634,685
709: 682,684,729
710: 731,633
711: 687,732
712: 692
713: 
714: 
715: 591,513,735,618
716: 
717: 692,671
718: 672,645,695
719: 739,674,672
720: 697,651,789,698
721: 651,699,597,739
722: 738,739,699,697
723: 628,652,654,679
724: 677,762,700
725: 746,765,793,704,766
726: 731,727,630,658
727: 731,726,729,706
728: 683,631,744,706
729: 731,727,631,709,682
730: 681
731: 727,726,729,710
732: 711,751
733: 772
734: 
735: 756,670,694,715
736: 694,756
737: 770
738: 722,758
739: 696,719,674,722,699,721
740: 776,798
741: 796,801
742: 801,779,763,760
743: 678,629
744: 655,728
745: 801,763
746: 765,725,778,780
747: 629,700,655
748: 750,687
749: 
750: 609,748,687
751: 732
752: 662
753: 
754: 
755: 672,775
756: 735,736,671
757: 759,774,758
758: 738,757
759: 757,774,797
760: 698,762,742,763
761: 763,765
762: 760,698,677,724
763: 742,760,745,761
764: 
765: 746,725,761
766: 707,793,725
767: 
768: 769
769: 768
770: 692,737
771: 
772: 733
773: 774,775
774: 773,759,757
775: 755,773
776: 740,787
777: 797,800
778: 781,746
779: 742,801,797
780: 746
781: 778,790
782: 
783: 799
784: 
785: 786
786: 785
787: 776
788: 800
789: 677,701,678,720,698
790: 796,781
791: 
792: 796
793: 725,707,766
794: 
795: 
796: 741,792,790
797: 777,759,779
798: 740
799: 783