0: 
1: 
2: 
3: 
4: 
5: 
6: 
7: 
8: 11
9: 
10: 
11: 27,8,22
12: 64
13: 26
14: 43,63
15: 31,133
16: 
17: 21,36,18
18: 36,17
19: 
20: 68,249
21: 36,17,51
22: 11
23: 53
24: 35
25: 
26: 13,44
27: 37,11
28: 
29: 
30: 136,87,185
31: 15,71
32: 
33: 
34: 
35: 24,76,103
36: 21,17,18
37: 27
38: 
39: 62,124,175
40: 42,120
41: 76,77,116,97,225
42: 40
43: 63,14,61
44: 26
45: 99
46: 69,67
47: 
48: 
49: 244,90,95
50: 132,134,113
51: 21
52: 165,88,161
53: 23,94
54: 112
55: 79,143,140
56: 138,79
57: 99,203
58: 63
59: 97,122,225,228,119
60: 128,174
61: 43,63
62: 39,150,124,125
63: 43,14,61,58
64: 12
65: 211,240
66: 
67: 69,46
68: 20,138,96,249
69: 46,67
70: 165
71: 161,31,88
72: 244,167,191
73: 79
74: 120
75: 171
76: 41,77,35,101
77: 41,76,101,121
78: 119,146,102,123
79: 55,73,56
80: 81
81: 80,85,175
82: 
83: 287,290,131
84: 
85: 175,81,105
86: 271,353,273
87: 185,30
88: 165,52,71,161
89: 221
90: 142,115,244,49,139
91: 
92: 117,171,253,170
93: 116
94: 53
95: 140,49
96: 253,68,192,249
97: 122,59,225,98,117,41
98: 116,117,171,97
99: 125,57,45
100: 128
101: 174,103,76,77,150
102: 229,119,78,123
103: 174,101,35
104: 181
105: 85
106: 
107: 130,182
108: 185
109: 213,241,132
110: 
111: 272,245
112: 133,54
113: 186,50
114: 
115: 335,90,139,302
116: 98,93,41
117: 92,98,97,122
118: 166,148,248
119: 78,59,228,102
120: 74,40
121: 150,77,225,146
122: 97,59,117,145
123: 125,78,102
124: 128,150,39,62
125: 123,99,62
126: 207,177
127: 285,172,203
128: 60,124,100
129: 
130: 107
131: 235,233,83
132: 134,50,109,241
133: 112,15
134: 132,50
135: 141,189
136: 30
137: 389,274,331
138: 56,167,68
139: 247,302,90,115,244
140: 95,167,55
141: 135,189,163
142: 90,163,217
143: 55,221
144: 195,193,169,251
145: 194,198,170,122
146: 78,225,121
147: 194,198,251,252,205,257
148: 223,361,118,166
149: 342,202,258,316
150: 121,101,124,62
151: 182
152: 259,372,176,235
153: 207
154: 
155: 180,317,294
156: 
157: 210
158: 242
159: 273,184
160: 272,241
161: 71,88,52
162: 
163: 141,189,217,142
164: 327
165: 88,52,70
166: 118,247,361,148
167: 140,72,138
168: 341,197,199,226,279
169: 170,192,193,144,198
170: 169,92,145
171: 92,75,253,98
172: 178,127
173: 285
174: 103,101,60
175: 85,39,81
176: 261,152
177: 207,317,230,126
178: 229,205,255,172
179: 436,320,290,379
180: 155
181: 236,104
182: 151,107
183: 
184: 386,159
185: 87,30,108
186: 113
187: 212,295,188
188: 212,187
189: 135,141,163
190: 334,218,216
191: 247,244,72
192: 249,193,253,96,169
193: 192,169,144,195
194: 228,145,198,147
195: 144,196,193
196: 195,254
197: 340,250,168,199,283
198: 194,145,147,169,251
199: 283,197,168,490,279
200: 203,230
201: 258,346,286,285
202: 342,149,226,255,257
203: 200,57,127
204: 
205: 178,229,147,255
206: 
207: 177,317,126,153
208: 292,438,351
209: 321,322
210: 267,157
211: 65,240
212: 295,187,188
213: 109,327
214: 267
215: 328,274,389
216: 276,190,334
217: 163,142
218: 190,331
219: 223,366,222,246
220: 364,361,302
221: 89,143
222: 395,219,248,246
223: 219,148,364,304
224: 248,395
225: 97,59,41,121,146
226: 342,202,341,168,279
227: 490,279,343,342,316
228: 194,59,119
229: 178,205,102
230: 177,200,261
231: 
232: 344,405
233: 294,235,131
234: 
235: 320,131,152,233
236: 181,380
237: 380
238: 298
239: 357,296
240: 211,65
241: 109,132,160
242: 158
243: 326,334,360
244: 72,49,90,139,191
245: 111
246: 308,219,366,222
247: 139,302,191,361,166
248: 224,118,395,222
249: 192,68,20,96
250: 254,197,340,280
251: 252,144,198,147
252: 251,147,257
253: 96,192,92,171
254: 250,196
255: 257,178,205,202
256: 400,405,372
257: 255,147,252,341,202
258: 201,346,149,286
259: 372,152,345
260: 372,291,320
261: 176,317,230
262: 287
263: 
264: 468,438,351
265: 410
800: 796
267: 210,214
268: 269
269: 268
270: 325,272,273
271: 86,299,357,353
272: 160,111,270
273: 159,270,86,386
274: 215,137,389
275: 390,304
276: 216,334,477,360
277: 453,541,363,392,393
278: 308,366,365,337
279: 490,227,168,199,342,226
280: 340,308,250
281: 337,425,452,309,338
282: 457,461,370,312,284
283: 199,197,340,371
284: 373,370,282,314
285: 127,286,201,173
286: 285,258,201
287: 83,262
288: 404,435,292
289: 522,377
290: 83,179,379
291: 260,436,404
292: 208,288,379
293: 
294: 233,155
295: 212,187
296: 239
297: 442
298: 384,238,355
299: 357,271
300: 448,301,326,332
301: 300,328,326
302: 139,247,115,220,361
303: 358,387
304: 366,336,275,223
305: 360,326,332
306: 422,419,510,446
307: 365,391,424,336
308: 278,246,337,280,423
309: 452,281,368,484
310: 457,430,367,369,312
311: 459,571,493
312: 431,370,457,310,282
313: 315,374,343,460
314: 284,571
315: 313,316,346
316: 315,342,149,227
317: 207,177,261,155
318: 467,466
319: 464,400,465,404
320: 235,260,436,179
321: 209,378
322: 209,382
323: 
324: 
325: 270
326: 243,300,301,305,360,332
327: 164,213
328: 215,301
329: 418,565,422
330: 444,473,421
331: 334,218,137,389
332: 326,448,300,305,451
333: 420,424,449,391
334: 190,331,243,216,276,360
335: 115
336: 304,366,424,307
337: 425,281,278,308,338,423
338: 367,423,337,281,369
801: 796,745
340: 197,280,250,371,283
341: 168,257,226
342: 149,226,202,227,279,316
343: 227,313
344: 232,405,374,376,403,400
345: 259,372
346: 258,201,315
347: 524,435
348: 466,584,499
349: 437,402,551,433,525
350: 
351: 208,438,264
352: 407
353: 357,271,86,385,386
354: 355,443,413
355: 383,354,384,298
356: 
357: 239,299,271,353
358: 303,476,444
359: 418,478
360: 305,334,243,326,276
361: 220,364,247,302,166,148
362: 483,596,392,541,624
363: 392,393,277
364: 220,361,223
365: 307,391,278,425
366: 304,336,219,278,246
367: 338,423,371,369,431,310
368: 485,511,309,458
369: 484,367,338,310
370: 431,312,282,284,373
371: 367,423,340,283,431
372: 259,260,152,345,256
373: 284,370
374: 313,460,344,403,396
375: 406,463,522
376: 432,403,344,400,492
377: 289,527,523
378: 321
379: 179,290,292
380: 237,236
381: 525,581,433
382: 322
383: 355,500,443
384: 298,355
385: 353
386: 184,416,353,273
387: 303
388: 417,560
389: 137,215,274,331
390: 420,451,424,275
391: 365,307,333,424
392: 479,363,362,483,541,277
393: 394,363,453,277
394: 426,393,453,452
395: 222,224,248
396: 432,403,374,399
397: 482,455,512,454
398: 571,399,401
399: 398,396
400: 256,344,376,319
401: 493,547,398
402: 349,437,519,551
403: 376,432,396,374,344
404: 465,288,291,319,436
405: 232,344,256
406: 515,463,522,375
407: 352
408: 470
409: 468,438,496
410: 265
411: 497
412: 417,501
413: 471,354
414: 501,445,560,417,447
415: 560
416: 386
417: 412,388,560,414,501
418: 359,329,448,422
419: 306,451,449
420: 333,451,424,390,449
421: 478,330,473,533
422: 306,418,329,510
423: 367,338,371,308,337
424: 333,420,390,336,307,391
425: 337,281,365,452
426: 394,452
427: 575,489,545
428: 575,461,429
429: 488,428,603
430: 457,310,575
431: 370,312,367,371
432: 376,403,396,492
433: 463,349,525,381
434: 709,577,550
435: 288,347
436: 179,291,320,404
437: 349,402,518,525
438: 409,208,351,264
439: 470,553
440: 
441: 611,664
442: 297
443: 383,354
444: 330,476,358
445: 414,447
446: 510,306,479
447: 560,414,445
448: 300,418,332
449: 419,333,420
450: 505,564,540,509
451: 420,390,332,419
452: 309,426,394,425,281
453: 541,277,393,394
454: 489,545,485,455,397
455: 485,511,516,512,454,397
456: 603,489
457: 310,282,430,461,312,575
458: 545,485,368,484
459: 488,311,493
460: 313,374
461: 457,282,428
462: 520,491,579,574,602
463: 551,406,433,375
464: 319,492,465
465: 404,319,464
466: 348,467,318
467: 318,466
468: 409,264
469: 496,554,580
470: 408,439
471: 413,529
472: 
473: 330,421,533
474: 612,588,639,666
475: 533,563
476: 529,358,444
477: 276
478: 421,359,507
479: 392,510,540,446,483
480: 504
481: 675,621,623,593,542
482: 397,512,656
483: 362,509,540,392,479
484: 369,309,458
485: 511,455,368,454,458
486: 600,570
487: 669,567,595,594,648,566
488: 459,429,573
489: 545,454,427,456
490: 227,279,199
491: 520,462,519
492: 464,376,432,515,522
493: 401,547,311,459,571
494: 578,635,526
495: 
496: 469,524,527,409
497: 553,411
498: 688
499: 582,348,555
500: 383
501: 414,417,412,503
502: 
503: 501,643,531
504: 480,506,594
505: 450,564,506,530
506: 530,563,532,504,505,564
507: 565,478,533
508: 600,538,512
509: 483,450,649
510: 540,446,306,422,479
511: 485,455,516,368
512: 455,508,397,482
513: 695,645,690,618
514: 701,599,629
515: 406,492,522
516: 511,455
517: 603,544,552
518: 659,519,437
519: 491,402,518
520: 462,491,574,552
521: 544,628,604,627
522: 289,515,406,492,375
523: 527,377
524: 347,527,496
525: 581,381,349,437,433
526: 494,584
527: 523,377,524,496
528: 
529: 476,471
530: 506,563,505
531: 532,620,503,643
532: 531,620,506
533: 475,473,421,507
534: 643,616,667
535: 542,539,569
536: 593,695,562
537: 590,691,645,690
538: 624,568,508
539: 542,535,673
540: 510,450,479,483
541: 453,277,392,362,624
542: 646,535,539,623,621,481,673
543: 673,600,570
544: 552,521,628,517
545: 489,454,458,427
546: 723,679,629,655
547: 401,493
548: 729,682,657,727
549: 705,657,652,679
550: 610,686,434
551: 463,349,402
552: 544,517,520
553: 497,439
554: 469,580,578
555: 499
556: 
557: 
558: 612
559: 756,614,642
560: 415,417,388,447,414
561: 567,619,669
562: 696,647,695,536
563: 506,530,475
564: 450,505,506
565: 507,329
566: 487,592
567: 561,594,669,487
568: 596,569,538
569: 568,535
570: 543,486
571: 398,311,314,493
572: 628,598,656,680
573: 488
574: 520,462,602
575: 427,428,457,430
576: 706,631
577: 606,579,659,434
578: 494,584,580,554
579: 462,659,577
580: 635,469,554,578
581: 525,381,607,632,635
582: 499
583: 
584: 578,526,348
585: 
586: 
587: 
588: 612,474
589: 667,641,617
590: 537,691
591: 718
592: 593,566
593: 592,536,623,675,481
594: 595,504,567,487
595: 594,487,649,648
596: 362,568
597: 699,739,625,722,676
598: 628,572,656,603
599: 701,514,654,629
600: 508,543,486
601: 676,622,626,646,621
602: 652,462,574
603: 456,598,429,517
604: 680,628,521,627,655
605: 610,686,636,608
606: 577,657,682
607: 610,632,581
608: 636,605,663
609: 661,684
610: 550,607,632,686,605
611: 441
612: 588,474,558
613: 
614: 640,668,756,559
615: 616
616: 615,534,667
617: 691,589,642
618: 718,513,672
619: 561,735
620: 532,531
621: 653,481,646,542,601
622: 676,601,626,625,701
623: 593,542,481
624: 538,362,541
625: 597,699,721,676,622,678
626: 622,601
627: 652,655,604,521
628: 572,598,604,680,544,521
629: 654,514,599,546
630: 725,700
631: 576,706
632: 610,607,581
633: 636,660,634,685
634: 685,660,684,633
635: 580,581,494
636: 608,633,686,605
637: 688
638: 
639: 474,666
640: 614,668
641: 589
642: 559,617
643: 534,503,531
644: 
645: 513,695,690,537
646: 542,621,673,601
647: 562,696,675
648: 649,595,487
649: 648,595,509
650: 719,696,672,674
651: 698,699,721,789
652: 627,679,602,549
653: 675,621,722,676
654: 629,744,599,683,702
655: 627,604,546
656: 482,572,598
657: 549,606,548,682
658: 782
659: 518,579,577
660: 709,633,634
661: 727,609
662: 
663: 608
664: 441
665: 
666: 639,474
667: 589,534,616
668: 640,614
669: 487,561,567
670: 694
671: 737,718,755,692
672: 755,618,797,719,650
673: 543,646,542,539
674: 722,697,650,739
675: 653,481,593,647
676: 622,601,653,722,597,625
677: 678,721,744,789
678: 677,625,721,701,744
679: 723,546,652,705,549
680: 604,628,572
681: 743,728,730,706,747
682: 729,548,657,606
683: 702,654,723,743
684: 609,634
685: 634,633,708
686: 550,610,605,636
687: 
688: 637,498
689: 
690: 513,695,645,537
691: 617,590,537
692: 774,797,671,737,770,755
693: 
694: 716,670
695: 513,645,690,536,562
696: 562,647,650
697: 738,719,674,720
698: 651,720,742
699: 597,739,625,721,651
700: 630,707
701: 744,599,622,514,678
702: 683,744,654
703: 731
704: 762,730
705: 549,723,679,728,747
706: 576,747,681,793,631
707: 784,700,726
708: 685
709: 660,434
710: 784
711: 748
712: 715
713: 
714: 734
715: 737,712
716: 694
717: 
718: 618,591,671
719: 738,697,650,672
720: 698,697,757
721: 699,625,651,677,678,789
722: 674,653,676,597,739
723: 679,546,683,728,705
724: 765,742
725: 630
726: 707,784
727: 661,548
728: 681,743,723,705,747
729: 548,682
730: 681,743,704
731: 703
732: 
733: 
734: 714
735: 619
736: 
737: 671,770,715,692
738: 697,719
739: 597,699,722,674
740: 786
741: 781,761
742: 760,698,724
743: 681,728,730,683
744: 701,677,678,654,702
745: 776,758,801
746: 779
747: 706,681,728,705
748: 711
749: 
750: 
751: 
752: 
753: 
754: 
755: 672,671,692,797
756: 559,614
757: 720
758: 776,745
759: 772
760: 742,761,777
761: 760,777,741
762: 704
763: 780
764: 
765: 789,724
766: 782,783
767: 769
768: 
769: 767
770: 737,774,692
771: 
772: 759
773: 
774: 692,797,775,770
775: 774
776: 758,745
777: 760,761
778: 790,799
779: 746
780: 763
781: 741,790
782: 658,766
783: 799,766
784: 707,726,710
785: 
786: 740
787: 
788: 
789: 765,721,651,677
790: 778,781
791: 792
792: 791
793: 706
794: 795
795: 794
796: 801,800
797: 774,692,755,672
798: 
799: 783,778