0: 
1: 
2: 
3: 
4: 
5: 
6: 9,10
7: 24,9
8: 
9: 6,37,7
10: 6
11: 24,74
12: 
13: 
14: 77,78,101,124
15: 47
16: 
17: 
18: 75,94
19: 
20: 93,171,91,96
21: 71,48
22: 53,37,24
23: 41,74
24: 7,22,11
25: 43,103
26: 
27: 42,61
28: 
29: 87
30: 65,46
31: 162,109,88,89
32: 66
33: 
34: 
35: 38,53
36: 73,51
37: 9,22
38: 35,53
39: 62,99,150,100
40: 74
41: 120,59,23
42: 61,27
43: 25
44: 
45: 104
46: 30
47: 15
48: 54,112,71,21
49: 50,89,69,70
50: 161,109,49,112,89
51: 55,52,36
52: 95,51
53: 22,38,35
54: 48,112
55: 71,51
56: 116,194,75,93
57: 78,99,125
58: 
59: 41,101
60: 
61: 42,27,80
62: 82,175,39,150
63: 80,128
64: 
65: 30
66: 32
67: 186,211,161
68: 115,140,72,143,91,92
69: 88,89,49,138
70: 49,138
71: 21,48,55
72: 141,165,140,115,68
73: 36,96,94,117
74: 11,23,40
75: 18,56
76: 120
77: 14,78,174
78: 77,14,57,124,99
79: 116,121
80: 63,61
81: 85
82: 62,175,153,105
83: 154,262
84: 152
85: 100,81
86: 185,240,183,210
87: 29
88: 89,69,31,142
89: 88,69,50,31,49
90: 246,276,193
91: 143,68,20,92
92: 221,192,91,68,171
93: 20,171,194,56
94: 73,18
95: 140,138,52
96: 143,73,117,20
97: 226,145,253,123,225
98: 119,121,174
99: 150,78,57,124,39
100: 85,39
101: 59,14
102: 205,125,127
103: 124,25
104: 45
105: 152,82
106: 180,151
107: 
108: 
109: 31,50
110: 111,187
111: 136,110,187
112: 50,54,48
113: 189,162
114: 
115: 68,72,118
116: 194,56,79,121,122
117: 73,96
118: 191,115
119: 146,121,123,98,122
120: 41,76
121: 119,98,122,79,116
122: 119,121,123,116,253
123: 146,119,122,97,173
124: 14,78,103,99
125: 150,57,172,102,205
126: 256,285,177,230
127: 153,230,150,102
128: 63
129: 
130: 
131: 262,290,208
132: 242,241
133: 136
134: 188
135: 189,159,163
136: 111,133
137: 159,213,245,190
138: 95,69,70
139: 167,244,190,163
140: 95,72,165,68
141: 72,165,247,167,191
142: 189,88
143: 91,96,68
144: 251,199,254,195,170
145: 253,224,148,251,97
146: 119,123,173
147: 200,257,228,229
148: 145,224,221,170
149: 201,317,258,285
150: 99,125,62,39,127
151: 181,106,155
152: 105,84
153: 230,127,82
154: 180,207,204,83
155: 151,181
156: 
157: 158,212,295
158: 157,267
159: 137,213,216,135
160: 211
161: 50,67
162: 31,189,113
163: 139,135,247
164: 216
165: 141,72,140
166: 249,192,248
167: 139,244,247,141,191
168: 278,309,338,280
169: 250,222,337,278
170: 195,248,192,148,144
171: 93,20,92,221,194
172: 178,173,125,205
173: 172,146,123
174: 98,77
175: 62,82
176: 207,261,204
177: 230,126
178: 172,200,228,205
179: 288,259,233
180: 154,207,106
181: 151,155,294
182: 
183: 185,86
184: 271,386,299,270
185: 86,183
186: 67,211
187: 110,111
188: 272,242,134
189: 135,113,162,142
190: 139,137,217,220
191: 118,167,244,141,276
192: 92,221,166,248,170
193: 90,249
194: 116,56,93,171,221,224
195: 248,170,223,199,144
196: 338,252,223,337,199
197: 279,283,227,252,341
198: 229,225,251,254,279
199: 254,144,195,223,196
200: 257,147,228,178,202
201: 149,317,285,291
202: 203,200,257
203: 202,315,285
204: 261,207,176,154,231
205: 102,172,178,125
206: 380
207: 176,204,154,180
208: 287,131,290,236
209: 231,235,379
210: 86
211: 160,186,67
212: 157,295
213: 137,159,216,215,245
214: 
215: 213,389,245
216: 164,159,213
217: 389,245,190,218,220
218: 302,220,217,243,331
219: 223,222,248
220: 218,217,190
221: 92,192,171,194,224,148
222: 219,308,169
223: 219,337,195,199,196
224: 145,253,148,221,194
225: 198,229,251,97,226
226: 97,229,225,228
227: 197,338,252,371,341,280
228: 200,147,226,229,178
229: 198,225,226,147,228
230: 153,127,177,126
231: 209,204,235
232: 260,317,291,319
233: 379,320,179,259
234: 380,382,236,378
235: 320,291,209,231
236: 380,234,287,208
237: 
238: 296,269,385
239: 357,353
240: 86
241: 132,242
242: 132,241,188
243: 274,328,332,218,331
244: 167,139,191,276
245: 389,217,215,137,213
246: 276,90,302,275,304
247: 167,163,141
248: 195,170,249,166,192,219
249: 166,193,248
250: 364,169,365,278
251: 254,144,145,198,225
252: 338,196,279,197,227
253: 145,224,122,97
254: 251,199,144,198
255: 284,283,257,315
256: 285,126,261
257: 200,147,255,202,315
258: 315,316,149,372,342
259: 179,260,435,233
260: 320,232,319,259
261: 204,291,256,176
262: 131,83
263: 
264: 351,265,322
265: 322,264
800: 
267: 158
268: 325
269: 238
270: 327,184,271,273
271: 184,272,270
272: 188,271
273: 326,300,270,327
274: 328,243
275: 361,302,246,304
276: 246,90,244,191
277: 307,365,306
278: 168,337,250,169,338
279: 197,252,198
280: 371,340,168,309,227
281: 369,454,484,426,368,310
282: 457,429,310,369,430,490
283: 197,341,255,284
284: 255,283,341,286
285: 256,126,203,149,201
286: 373,284,343
287: 208,407,236
288: 179,292
289: 347,409
290: 131,379,208
291: 261,201,235,232
292: 438,288
293: 
294: 181
295: 157,212
296: 238
297: 
298: 357,355,529
299: 386,184
300: 273,326,303,328
301: 330,332,359,328
302: 218,331,246,275,361
303: 358,326,300,356,330
304: 246,275,306,308
305: 361,335,333,306
306: 365,308,305,304,277
307: 277,336
308: 365,306,304,222
309: 168,423,368,280,340,367
310: 282,368,369,281,367
311: 459,431,374,398
312: 396,367,371,340,313
313: 373,312
314: 400,343,316,346,342
315: 258,316,257,255,203
316: 315,258,314,342
317: 149,201,372,232
318: 378,321
319: 375,372,232,260
320: 235,260,233
321: 408,318
322: 265,264
323: 
324: 
325: 268
326: 273,300,416,303
327: 270,273,389
328: 274,243,300,301,332
329: 419,360
330: 301,359,303,358,448
331: 390,243,302,218
332: 301,328,243,390
333: 335,334,305
334: 335,333,360,477,451
335: 334,333,360,390,305
336: 425,307,393,366
337: 223,169,338,196,278
338: 196,252,337,278,168,227
801: 742,741,779,761
340: 371,280,309,312,367
341: 371,197,283,227,284
342: 372,345,258,316,400,314
343: 314,373,286,370,346
344: 465,463,376,522
345: 372,404,342,400
346: 374,403,370,400,314,343
347: 289,438,381
348: 524,464,580
349: 523,496,552,377,522
350: 411
351: 469,408,264
352: 
353: 239,357,355,416,386
354: 529,415
355: 298,529,353
356: 387,303,358
357: 298,239,353
358: 303,387,356,330
359: 301,330,448,419
360: 335,334,390,329,477
361: 275,305,302,390
362: 393,394,451
363: 508,422
364: 250,365,395
365: 306,308,277,250,364
366: 424,425,336,426
367: 396,312,309,368,340,310
368: 423,309,281,367,310
369: 281,484,457,282,310
370: 431,373,343,346
371: 341,280,340,227,312
372: 345,342,258,317,319
373: 286,313,370,343
374: 346,403,311,460,398,463
375: 319,435,404,376
376: 436,404,344,375
377: 409,522,496,349
378: 318,234
379: 233,209,290
380: 234,382,236,206
381: 468,347,438
382: 380,234
383: 
384: 
385: 238
386: 416,299,184,353
387: 356,358,448,530
388: 444,445,560
389: 217,245,215,327
390: 331,332,361,335,360
391: 477,420
392: 425,394,511,455
393: 362,394,336
394: 362,393,392
395: 424,364,423
396: 312,367,431,490
397: 489,456,484,545,427
398: 460,399,459,311,374
399: 460,398,515,402,492,432
400: 314,346,403,345,342,405
401: 402,492,462,518,493
402: 401,492,547,515,399
403: 374,346,400,405,465,463
404: 345,375,376
405: 465,400,403
406: 464,580,523,496,466,581
407: 287
408: 321,351
409: 377,522,436,289
410: 
411: 350
412: 557,471,502
413: 415,502
414: 476
415: 413,354
416: 386,476,353,326
417: 
418: 421,507,447,530
419: 446,359,329
420: 509,449,391
421: 507,418,530
422: 569,508,363,541
423: 368,424,395,309
424: 366,395,426,423
425: 392,336,426,366,454
426: 425,366,424,454,281
427: 575,572,544,397,456,458,545
428: 458,545,429,488,461,519
429: 457,282,428,430,488
430: 459,488,490,429,282
431: 370,396,459,311,490
432: 463,460,399,492,433
433: 552,493,492,432
434: 525,549,494,579
435: 375,259
436: 376,409
437: 577,551,493
438: 292,347,468,381
439: 584,441,467
440: 
441: 584,439,497
442: 
443: 502,471
444: 388,560,473
445: 560,588,388
446: 419,477,478
447: 473,475,507,418,506
448: 530,387,330,359
449: 478,510,420,509
450: 565,483,510,509,538
451: 334,362
452: 511,453,485,489,455,482
453: 485,487,481,452,512
454: 281,484,425,426
455: 489,392,452,511,484
456: 489,397,482,427
457: 429,282,369,545
458: 428,545,575,427,544
459: 430,488,311,490,431,398
460: 399,398,374,463,432
461: 547,519,515,428,488
462: 518,401,577
463: 432,374,403,460,465,344
464: 406,580,496,348
465: 405,344,403,463
466: 554,523,406
467: 470,439
468: 381,438
469: 351,553
470: 467
471: 443,412
472: 
473: 447,444,475
474: 588
475: 532,473,447
476: 416,414
477: 446,334,360,391
478: 510,449,446
479: 506,507,510,565
480: 561,563,504
481: 487,508,511,453
482: 516,452,485,489,456
483: 565,450,563,538,567
484: 369,454,281,397,455
485: 453,452,512,516,482
486: 599,626,622
487: 541,481,568,596,453
488: 459,430,429,428,461
489: 397,456,455,452,482
490: 459,430,396,282,431
491: 603,519,517,518
492: 402,401,399,432,433,493
493: 433,401,492,437
494: 554,434,579
495: 524,527,553
496: 523,349,377,406,464
497: 441,499
498: 
499: 556,497
500: 557
501: 585,557,588,615
502: 443,412,413
503: 532,560,505
504: 641,533,480
505: 643,641,532,503
506: 533,479,447,507
507: 421,418,447,506,479
508: 363,422,541,481
509: 420,449,450,538,569
510: 478,449,479,565,450
511: 452,481,392,455
512: 570,542,453,485,598
513: 619,537,592
514: 598,573,546
515: 461,547,399,402
516: 573,482,485,598
517: 574,491,603
518: 462,491,401
519: 461,547,428,544,491
520: 521,657,606
521: 520,549,606
522: 409,377,344,349
523: 496,349,552,466,406
524: 495,527,348,553
525: 550,549,632,606,434,579
526: 582,581,578
527: 495,524,581
528: 
529: 354,298,355
530: 448,387,421,418
531: 616,667,690,589
532: 475,503,505,533
533: 506,532,641,504
534: 613,616
535: 564,567,540,596
536: 646,650,595
537: 669,591,592,619,513
538: 540,569,483,450,509
539: 543,673,624,570
540: 538,569,567,535,596
541: 487,422,569,508
542: 570,512
543: 649,673,539,623,675,597,601
544: 575,427,458,519
545: 428,458,397,457,427
546: 604,514,600
547: 461,519,515,402
548: 682,576,657
549: 525,606,521,577,434
550: 525,632,606,657
551: 437,552,554
552: 433,551,523,349
553: 495,524,469
554: 494,466,551
555: 584
556: 499,584
557: 500,412,501
558: 615
559: 587,668,667
560: 445,444,388,503
561: 480,648,620,562
562: 592,620,561,648,594
563: 480,565,483
564: 567,535,648,593
565: 483,450,479,510,563
566: 624,568,621,673
567: 564,535,483,540
568: 624,566,596,487,570
569: 538,540,422,509,541
570: 542,512,624,568,539
571: 575,572,573,627
572: 575,427,571,573
573: 516,514,598,572,571
574: 602,628,517,603
575: 427,572,571,544,458
576: 657,683,705,631,548
577: 437,462,549
578: 608,582,526
579: 434,525,494
580: 406,464,581,348
581: 406,580,527,526
582: 526,578
583: 685
584: 441,439,555,556
585: 501,615
586: 
587: 668,667,559
588: 501,474,445
589: 669,590,531,667
590: 669,589
591: 669,537,671,619,645
592: 562,620,537,513
593: 595,594,621,564
594: 595,593,648,562
595: 594,593,621,536,649
596: 568,540,535,487
597: 543,601,653
598: 514,512,516,573
599: 486,600,676
600: 599,546,604
601: 651,543,675,696,597
602: 574,628,656,705
603: 491,627,574,517
604: 546,600,628,656
605: 659,663
606: 550,525,549,521,520,657
607: 686,635
608: 578
609: 661,634,610
610: 663,634,609
611: 688
612: 665,640
613: 534
614: 691,617
615: 585,501,558
616: 531,667,534,643
617: 691,642,614
618: 695,645,650,718
619: 513,650,591,537,645
620: 690,561,562,592
621: 595,593,566,649,673
622: 626,486
623: 675,646,649,543
624: 568,566,673,539,570
625: 680,653,701
626: 486,622,680
627: 571,603,628
628: 602,574,627,604,656
629: 679,702,676
630: 730,726,706,728
631: 728,576,683,727
632: 550,525
633: 684,708
634: 659,610,609
635: 607,686,663
636: 685
637: 
638: 
639: 666,689
640: 612,665
641: 505,643,533,504
642: 617,644,715
643: 505,641,616
644: 642,715,735
645: 618,591,671,619,650
646: 536,647,674,623
647: 718,650,646,674,672
648: 561,562,564,594
649: 543,673,595,621,623
650: 619,645,618,536,647
651: 601,653,696,699
652: 706,655,723,683
653: 651,597,625
654: 676,723,656
655: 706,652,679,681
656: 604,654,602,628
657: 576,520,550,606,548
658: 729,726
659: 605,634,684
660: 
661: 609,731
662: 
663: 610,635,605,686
664: 688
665: 612,640
666: 639
667: 616,531,587,559,589
668: 587,559
669: 591,537,589,590
670: 671,715
671: 670,591,645
672: 719,739,647,718,674,738
673: 649,543,539,621,624,566
674: 675,646,647,719,672
675: 674,623,543,719,696,601
676: 654,599,629,723
677: 789,698,762,720
678: 724,743,762,702,744
679: 629,723,743,655
680: 625,626,702
681: 700,744,655,707
682: 548,684,709
683: 576,705,652,631
684: 709,708,682,659,633
685: 636,583
686: 607,635,663
687: 
688: 611,664
689: 639
690: 620,531
691: 617,614
692: 712
693: 
694: 735
695: 618,756,737,718
696: 719,675,601,651,699
697: 699,720
698: 789,779,677,761
699: 697,696,721,651
700: 681,744,724,765
701: 762,720,625,702
702: 629,680,701,743,678
703: 766,725,784
704: 724,765
705: 602,576,683
706: 655,652,728,630
707: 730,681,725
708: 684,709,633
709: 684,708,727,682
710: 750,731
711: 
712: 692
713: 
714: 
715: 670,642,644,735
716: 734
717: 737,736
718: 647,695,618,672
719: 696,672,674,675
720: 762,701,697,677
721: 739,699
722: 738,739,757,758,760
723: 679,676,654,652
724: 678,704,700,744
725: 703,766,747,707
726: 730,630,728,727,658
727: 709,728,631,726
728: 631,706,630,726,727
729: 658,767
730: 630,726,707
731: 767,748,661,710
732: 752
733: 755,770
734: 716
735: 644,715,694
736: 755,717
737: 717,695,756
738: 722,739,672
739: 721,672,722,738
740: 
741: 801,742
742: 801,741,796,745
743: 678,679,702,744
744: 681,700,724,743,678
745: 761,763,778,742
746: 778,780
747: 765,766,725
748: 767,731
749: 751
750: 710
751: 749,783
752: 732
753: 
754: 772
755: 733,736,770
756: 695,737
757: 774,773,722,760
758: 760,722
759: 774,797,760
760: 758,722,774,757,759
761: 745,763,698,801
762: 701,720,677,678
763: 745,761,793
764: 
765: 747,704,700
766: 703,725,747
767: 731,748,729
768: 
769: 
770: 775,733,755
771: 
772: 776,754,777
773: 775,757
774: 757,797,760,759
775: 773,770,776
776: 772,775,777
777: 776,772
778: 745,746,793
779: 789,698,801
780: 746
781: 
782: 
783: 751
784: 703
785: 786
786: 785,798
787: 
788: 
789: 698,779,677
790: 796,792
791: 
792: 796,790
793: 763,778
794: 
795: 
796: 742,790,792
797: 774,759
798: 786
799: 