0: 
1: 
2: 
3: 
4: 
5: 
6: 48
7: 10
8: 38,11
9: 11
10: 7
11: 8,9
12: 
13: 
14: 58,63
15: 31
16: 
17: 221,18,103
18: 221,17,103
19: 
20: 166,247,138
21: 36
22: 35
23: 116,98
24: 100,60,101
25: 
26: 
27: 74
28: 
29: 
30: 183
31: 141,15
32: 38
33: 
34: 133
35: 22,40,100
36: 21
37: 
38: 32,8
39: 62,150,125
40: 35,100
41: 122,97,194,123,119
42: 
43: 61
44: 64
45: 62,175
46: 52,67
47: 
48: 6,133,71,66
49: 163,142,189
50: 113,186
51: 
52: 46,67
53: 91
54: 
55: 143
56: 165,90,96
57: 62
58: 14
59: 121,76,225,97
60: 93,24,100
61: 43
62: 39,45,57
63: 80,14
64: 44
65: 158,185
66: 71,48
67: 46,52
68: 72,138,224,253,192
69: 135
70: 95,88,244
71: 66,48
72: 68
73: 98,170
74: 120,27
75: 79,171,92
76: 121,59,225
77: 229,146,78
78: 146,77,178
79: 75,140
80: 63
81: 128
82: 231,207,204
83: 179,209,290,235
84: 
85: 153
86: 271,159
87: 
88: 162,70,161
89: 
90: 165,56,217,191
91: 143,53
92: 117,75,171
93: 60,94
94: 103,93
95: 70
96: 56,140,253
97: 41,122,170,225,59
98: 73,116,23
99: 178,172,203,286
100: 24,40,35,60
101: 24,174
102: 198,255,257,285
103: 116,17,18,94
104: 322
105: 177
106: 
107: 
108: 
109: 
110: 240
111: 270,241
112: 
113: 134,50
114: 
115: 139,276
116: 103,23,98
117: 169,92,224,251
118: 366,304,222
119: 194,169,41,122
120: 74
121: 76,59
122: 41,97,169,119
123: 194,228,41,229,198
124: 150,128
125: 39
126: 172
127: 316,346,259,173
128: 124,81
129: 
130: 181,151
131: 317,155,294
132: 272,241,134
133: 34,48
134: 113,132
135: 69
136: 
137: 159,416,389,331
138: 68,304,20,193
139: 115,364,216
140: 96,79
141: 31
142: 213,49
143: 91,55
144: 148,193,192,251,196
145: 195,196,249,252
146: 78,77,150
147: 202,168,252
148: 193,144,248,196
149: 342,226,341,201
150: 124,146,39
151: 130
152: 317,262,155,180,320
153: 175,85
154: 
155: 152,317,261,180,131
156: 
157: 
158: 65,185
159: 137,86,271
160: 270,389
161: 88
162: 88
163: 244,217,49
164: 334,335
165: 56,90
166: 304,222,20,223,247
167: 191,276
168: 395,195,147
169: 117,122,119
170: 225,73,97
171: 224,253,75,92
172: 126,99
173: 259,405,127,372
174: 101
175: 153,45
176: 372,345,180,200
177: 204,105,207
178: 285,99,255,78
179: 287,83,321
180: 200,261,176,152,155
181: 130
182: 
183: 30
184: 274,273
185: 65,158
186: 50
187: 188
188: 187,296
189: 276,218,49
190: 389
191: 167,90
192: 68,224,193,144,251
193: 148,144,248,138,304,192
194: 228,123,119,41
195: 145,196,168
196: 145,195,148,144
197: 340,368,312
198: 229,102,255,228,123
199: 254,308,280,340,250,369
200: 180,176
201: 344,346,149,315
202: 147,490,342
203: 286,99
204: 177,82,231
205: 228
206: 237
207: 177,82
208: 321
209: 233,83,290
210: 242,267
211: 
212: 267
213: 218,327,142
214: 
215: 478,387,326
216: 223,139,361
217: 163,90
218: 213,327,189
219: 336,307,333,278
220: 361,364,307,390
221: 17,18
222: 166,223,336,118
223: 216,247,336,361,222,166
224: 171,253,68,192,117
225: 170,97,76,59
226: 149,342,431,315
227: 250,395,490,371
228: 194,123,198,205
229: 198,123,77
230: 261
231: 82,204,380
232: 403,400,344,259,405
233: 209,317,262,294,287
234: 
235: 321,83
236: 
237: 206
238: 297,299
239: 296,357
240: 110
241: 132,111
242: 210
243: 301,334,360,477
244: 163,70
245: 295
246: 248,254,308
247: 223,166,20
248: 148,193,304,246
249: 251,145
250: 227,369,199,395,279
251: 249,192,144,117
252: 145,147
253: 171,224,96,68
254: 308,199,246
255: 102,198,178,285
256: 291,376,465,319
257: 341,102,285,258
258: 257,346
259: 173,405,344,346,127,232
260: 320,345,465,404
261: 230,180,155
262: 152,317,233,287
263: 352,409
264: 
265: 411
800: 790,745,792
267: 212,210
268: 
269: 
270: 111,160
271: 386,86,385,159
272: 132
273: 184
274: 184
275: 360,424,390
276: 189,115,167
277: 516,394,541,426
278: 333,391,219,307,365
279: 250,369
280: 308,199,337,340
281: 484,312
282: 457,284,338,310,427,429
283: 370,457,284,373,311
284: 282,457,338,283
285: 178,102,255,257
286: 203,99
287: 179,262,233
288: 464,435
289: 463,377,381
290: 209,83
291: 256,400,376
292: 
293: 
294: 131,317,233
295: 296,245
296: 295,239,188
297: 238,353
298: 354,476
299: 238,386,385
300: 
301: 243,359,477,305
302: 364,334,360
303: 326,510,475
304: 166,138,118,193,248
305: 448,424,301,332,359,477
306: 451,446,422,392,449
307: 390,220,219,278
308: 254,199,280,366,333,246
309: 423,363,368
310: 484,575,282,338,427
311: 373,370,283,314
312: 340,197,281
313: 374,315,431,460
314: 399,460,311,398
315: 313,374,226,431,344,201
316: 127
317: 152,262,155,131,294,233
318: 441
319: 256,376,465,379
320: 260,345,152,404
321: 235,179,208
322: 382,104
323: 495
324: 
325: 
326: 303,387,507,215,478
327: 218,213
328: 331
329: 418,422,510,505,450
330: 
331: 328,137,416,389
332: 359,418,448,305,446
333: 278,219,366,308
334: 164,243,302
335: 164
336: 361,219,223,222
337: 423,391,280
338: 282,284,484,310
801: 795
340: 197,199,280,369,312
341: 257,149,342
342: 149,226,202,341
343: 431,371
344: 201,346,374,315,259,232
345: 372,176,320,260
346: 344,201,258,127,259
347: 464,492
348: 
349: 491,521,519
350: 
351: 436
352: 263
353: 357,297
354: 298,384
355: 356
356: 443,355
357: 353,239
358: 507,529,387
359: 332,301,305
360: 477,275,243,302,390
361: 220,336,364,223,216
362: 530,648,506,564
363: 393,420,309,426
364: 302,139,220,361
365: 393,391,278
366: 118,333,308
367: 656,430
368: 197,423,309,452
369: 250,199,340,279
370: 461,283,311,398
371: 227,490,343
372: 176,345,173,405
373: 311,283
374: 313,315,344,399,460,403
375: 515
376: 396,256,291,319
377: 527,381,289,492,496
378: 
379: 436,465,319
380: 231
381: 377,527,433,289
382: 322
383: 472
384: 354
385: 299,271,386,416
386: 271,299,385
387: 358,215,326
388: 444,639,588
389: 190,137,160,331
390: 307,360,275,220
391: 278,365,337
392: 649,479,306,449,483
393: 419,363,365
394: 420,449,426,277
395: 168,250,227,490
396: 376
397: 628,489,598,603,604
398: 571,370,314
399: 314,460,374,403,432
400: 403,232,432,291
401: 459,547,493,428
402: 520,462,491
403: 400,232,374,399,432
404: 436,465,320,260
405: 259,173,232,372
406: 432
407: 438,439
408: 470
409: 263,468
410: 
411: 265
412: 643,588,474,615
413: 
414: 445,444,417
415: 473,417,507,475
416: 385,137,331
417: 473,415,414,445
418: 329,422,332
419: 393,448,424
420: 394,449,451,363
421: 563,533
422: 329,418,450,306,446
423: 309,337,368
424: 448,305,477,275,419
425: 511,485,452
426: 363,394,277
427: 429,603,310,575,282,489
428: 547,461,401
429: 427,603,282,457,459
430: 545,485,455,367
431: 343,226,313,315
432: 406,399,403,400
433: 463,573,381
434: 660,686
435: 288
436: 379,404,351
437: 519,632,607
438: 468,407
439: 466,407,467
440: 
441: 318
442: 
443: 356
444: 388,639,414
445: 414,501,473,417
446: 306,451,332,422
447: 560,471,639
448: 424,305,332,451,419
449: 394,420,306,451,392
450: 505,329,422,649
451: 306,446,448,420,449
452: 511,425,368
453: 624,539,535,512,454
454: 486,453,512
455: 486,545,430,656,456
456: 598,455,656,489
457: 282,284,429,283
458: 545,516,485
459: 401,429,603,552
460: 399,314,313,374
461: 370,428
462: 520,402
463: 551,573,433,289
464: 347,288
465: 379,404,256,260,319
466: 439,467
467: 554,439,466
468: 438,409
469: 608,580,526
470: 408
471: 613,560,447,639
472: 500,383
473: 415,417,445,475
474: 412
475: 507,473,415,303
476: 298
477: 360,243,301,424,305
478: 215,326
479: 649,392,648,483
480: 691,669,616
481: 735,542,675,653
482: 543,508,486,598
483: 392,479
484: 310,281,338
485: 511,425,458,430
486: 454,455,482
487: 567,669,616,563,619
488: 552,517,520
489: 397,575,656,456,598,427,603
490: 202,395,227,371
491: 349,402,521
492: 522,377,347,496
493: 547,401
494: 634,610,581
495: 323,555
496: 492,377,635
497: 553
498: 
499: 526
500: 472
501: 445,531
502: 
503: 643,615,667,594
504: 509,565,563
505: 450,533,329,509,565
506: 540,530,362,569,564
507: 358,415,326,475
508: 543,482,599
509: 504,565,505,649,648
510: 303,533,329
511: 485,452,425
512: 535,453,454,568
513: 718,695,671,618,755
514: 599,572
515: 375,571,551
516: 277,541,624,538,458
517: 552,488,628,520,544
518: 606,679,652
519: 437,349
520: 462,517,488,402
521: 602,349,491
522: 492
523: 632,527,635,550
524: 
525: 610,607,632,550,581
526: 499,469,580
527: 377,381,523,635
528: 
529: 358
530: 362,567,506,540
531: 563,501,620
532: 534,589,691,561
533: 510,421,505,565
534: 532,641
535: 512,596,453,539
536: 672,537
537: 671,672,536,562
538: 624,541,516
539: 453,596,535
540: 506,567,669,530
541: 516,277,538
542: 735,481
543: 508,482,604
544: 574,628,517
545: 458,430,455
546: 702
547: 493,428,401
548: 679,652,655,627
549: 729,709,657,703,706
550: 605,635,523,525,581
551: 463,573,515
552: 517,488,603,459
553: 497
554: 467
555: 495
556: 582
557: 
558: 666,756,617
559: 641,667,666
560: 613,471,447
561: 690,532,589,691
562: 618,671,537,674
563: 531,421,504,565,487
564: 569,646,596,362,506
565: 504,509,533,563,505
566: 675,672
567: 487,669,530,540
568: 512,621
569: 646,564,506
570: 621,744,593,601,673
571: 398,515
572: 604,514
573: 463,551,433
574: 544
575: 656,310,427,489
576: 707,726,700
577: 579,682
578: 605,663
579: 577,634
580: 469,526
581: 663,525,610,605,550,494
582: 611,556
583: 637
584: 
585: 
586: 
587: 
588: 643,412,388
589: 532,561
590: 695,670,718
591: 675,722,597
592: 653,601,597,622
593: 601,570,621
594: 503
595: 623,735
596: 646,564,539,535
597: 676,722,591,592
598: 456,482,397,489
599: 600,514,508
600: 599,744,701
601: 593,592,570,673,622
602: 521
603: 427,429,397,489,459,552
604: 572,543,628,397
605: 550,581,663,578
606: 655,518,652
607: 525,610,437,659,632
608: 469
609: 703,706,748
610: 525,607,581,494
611: 582
612: 
613: 560,471
614: 668,734,642
615: 667,412,503
616: 487,669,619,480
617: 756,558
618: 755,562,513,671
619: 620,487,616
620: 619,531
621: 570,593,568
622: 673,626,601,592,625
623: 595,735
624: 453,538,516
625: 651,699,626,622
626: 673,622,699,625,677
627: 705,548,728
628: 397,604,517,544
629: 680,654
630: 766,763,783,799
631: 725,762
632: 523,437,525,607
633: 660
634: 660,494,579
635: 550,527,523,496
636: 
637: 583
638: 
639: 444,388,471,447
640: 668
641: 559,534
642: 670,614
643: 412,588,503
644: 
645: 
646: 569,596,564
647: 696,676
648: 362,509,649,479
649: 392,479,450,509,648
650: 697
651: 699,721,625,676
652: 679,548,606,655,518
653: 592,481,675
654: 702,789,629
655: 606,548,652
656: 575,367,455,456,489
657: 549,729,709,679,682
658: 782
659: 607
660: 634,633,434
661: 711,710
662: 
663: 581,605,686,578
664: 
665: 
666: 559,558
667: 615,503,559
668: 614,640
669: 567,487,616,480,540
670: 642,590,718
671: 537,695,513,618,562
672: 537,536,566
673: 626,622,601,570,744
674: 719,562
675: 566,481,591,653
676: 722,597,647,651,721
677: 701,626
678: 773
679: 548,652,518,729,657
680: 629
681: 703,707
682: 709,657,577
683: 
684: 706
685: 748
686: 663,434
687: 
688: 
689: 
690: 561,691
691: 480,532,561,690
692: 
693: 
694: 737,774
695: 590,718,513,671
696: 647,721,739
697: 742,650,739
698: 765,789
699: 651,721,625,626
700: 769,726,576
701: 677,744,600
702: 789,654,704,546,705
703: 609,681,549,729
704: 702,747,723,705,743
705: 627,702,704,793,743,728
706: 684,549,709,609
707: 576,681
708: 711,750
709: 549,657,682,706
710: 661,711
711: 661,708,710
712: 758,738,786
713: 
714: 736
715: 
716: 
717: 758,738
718: 513,670,695,590
719: 674,757
720: 775,760
721: 651,699,676,696
722: 676,597,591
723: 747,761,765,789,704
724: 776,777,765
725: 763,762,631,730
726: 730,576,700
727: 
728: 705,627,793
729: 549,657,679,703
730: 783,725,726
731: 
732: 784
733: 
734: 614
735: 542,481,623,595
736: 714
737: 774,797,694
738: 712,758,770,717
739: 696,697,776
740: 775,760
741: 773
742: 697
743: 704,705
744: 570,673,600,701
745: 796,792,800
746: 
747: 723,761,704
748: 685,609
749: 
750: 708
751: 
752: 
753: 
754: 
755: 618,513,797
756: 617,558
757: 770,719
758: 712,738,786,717
759: 
760: 775,740,720
761: 747,723,777,765
762: 725,779,631
763: 725,783,630
764: 
765: 724,698,723,761
766: 630,783,769
767: 
768: 
769: 700,766
770: 757,738
771: 
772: 
773: 741,678
774: 737,694
775: 740,720,760
776: 739,724
777: 724,761
778: 
779: 762
780: 
781: 
782: 658
783: 730,763,630,766
784: 732
785: 
786: 712,758
787: 
788: 
789: 702,654,698,723
790: 800,792
791: 
792: 745,790,800
793: 705,728
794: 
795: 799,801
796: 745
797: 737,755
798: 
799: 795,630