0: 
1: 
2: 
3: 
4: 
5: 54
6: 
7: 
8: 37,9
9: 8,37
10: 
11: 
12: 
13: 64
14: 103
15: 133
16: 
17: 51,221,73,75
18: 
19: 
20: 170,96,68,249,192
21: 48,55,51
22: 27,24
23: 38,94
24: 27,22
25: 
26: 
27: 22,24,120
28: 
29: 133
30: 240,183,242
31: 69
32: 
33: 
34: 
35: 41,120
36: 
37: 8,9,38
38: 94,37,23
39: 128,62
40: 61,43,63
41: 101,35
42: 124
43: 58,40,63
44: 64
45: 172,105,126,82
46: 67
47: 
48: 21,89
49: 95,70,52,165
50: 211,186,134
51: 17,21,55
52: 49
53: 76
54: 5
55: 21,51
56: 75,79
57: 99,62,123,172
58: 43
59: 116,119,77,146
60: 100
61: 103,40,63
62: 99,57,39
63: 80,40,61,43
64: 44,13
65: 108
66: 
67: 46
68: 115,72,249,118,20,96
69: 31,71
70: 95,49,165,167
71: 69
72: 167,115,138,68
73: 17,75,79
74: 120
75: 56,17,221,73
76: 53
77: 150,121,59,146
78: 125,146,150,99
79: 56,73
80: 63
81: 
82: 105,45
83: 155,379,262,131
84: 
85: 175,105
86: 187
87: 108
88: 162
89: 48
90: 142,189,139,191
91: 140,138,143,95
92: 170,96,171,253,145
93: 
94: 38,23
95: 70,49,143,91
96: 92,20,68
97: 119,98,194,225
98: 97,117,116
99: 57,62,125,78,205,123
100: 60,175
101: 41
102: 123,127,205,200
103: 61,14
104: 294,237
105: 172,45,85,82
106: 
107: 
108: 87,65
109: 160,272
110: 183,242
111: 136,211
112: 
113: 327
114: 
115: 167,191,72,68
116: 59,98
117: 253,145,98
118: 249,219,193,166,68
119: 97,59,146
120: 74,27,35
121: 174,77
122: 145,169,198,194,144
123: 127,102,205,99,57
124: 42,150
125: 78,225,205,99
126: 177,45,153
127: 123,102
128: 39,175
129: 
130: 181
131: 209,83,379,262
132: 
133: 29,15
134: 50,186
135: 186
136: 111
137: 389,159,217
138: 91,72
139: 276,216,244,142,90
140: 91,221
141: 142,189,163,162
142: 90,141,163,139,216
143: 95,221,91
144: 251,147,122,169,254,198
145: 122,169,92,117,253
146: 78,59,119,77,150
147: 251,144,198,228,255
148: 192,224,249,248
149: 316,285,346,257,342,178
150: 77,124,78,146
151: 156
152: 204,153,207,231
153: 126,177,230,152
154: 
155: 83,236,290,294
156: 151
157: 267,158
158: 210,157
159: 241,245,270,137
160: 109,211
161: 
162: 88,141
163: 327,213,142,141,216
164: 241,327,213
165: 189,70,49,167
166: 247,118,193
167: 191,115,72,165,70
168: 252,341,280,199,197
169: 145,122,254,195,144
170: 92,20,192
171: 92,253
172: 105,45,57
173: 202,229,200
174: 121
175: 85,128,100
176: 230,317,203,201,345,256
177: 126,203,153,230
178: 200,202,257,149,285
179: 233
180: 
181: 130,237
182: 
183: 30,240,242,110
184: 416,215
185: 
186: 50,134,135
187: 86
188: 210
189: 90,141,165
190: 331,276,216
191: 167,115,90
192: 148,224,249,170,20
193: 118,219,166,302,223
194: 198,122,97
195: 254,224,169,196
196: 341,224,250,254,195
197: 283,168,227,199
198: 194,122,147,144,228
199: 279,227,341,168,251,197
200: 178,173,202,102
201: 203,345,176
202: 226,173,257,200,178
203: 201,177,176,230
204: 152,231,294
205: 229,225,125,99,123,102
206: 236
207: 230,317,152
208: 379,209
209: 131,380,379,208,321
210: 158,188
211: 50,111,160
212: 267,296,268
213: 164,163,327
214: 296,238,269
215: 328,184,416,273
216: 139,276,163,190,142
217: 218,389,137
218: 331,217,389,274,243
219: 249,118,193,308,248
220: 335,276,247,302,390
221: 143,17,140,75
222: 248,250,308,246,278,395
223: 308,304,302,193
224: 148,192,195,196
225: 229,228,205,97,125
226: 255,202,286,257
227: 279,199,197,286
228: 229,225,198,147,255
229: 225,228,205,173
230: 176,207,177,203,153
231: 290,261,152,204
232: 291,320,372,259
233: 179,379
234: 380,287,382
235: 259,320
236: 155,206,262
237: 294,104,181
238: 296,214,384,239
239: 385,238
240: 30,183
241: 159,164,272
242: 30,183,110
243: 326,328,274,218,334
244: 139,276,247
245: 272,270,159
246: 364,308,304,222,278
247: 166,244,220,302
248: 222,250,219,308,148
249: 118,219,68,20,148,192
250: 248,222,395,252,196
251: 147,144,254,279,199
252: 341,168,250,395
253: 117,171,92,145
254: 195,169,196,251,144
255: 226,147,228
256: 259,345,372,176,317
257: 286,342,226,202,178,149
258: 346,374,260
259: 235,256,372,232
260: 345,372,346,258
261: 231,290
262: 83,236,131
263: 408
264: 468
265: 322,382
800: 796
267: 157,269,212
268: 295,212,296
269: 267,214
270: 271,245,159,273
271: 270,299
272: 245,109,241
273: 389,270,328,215
274: 328,389,218,243
275: 305,424,393
276: 139,216,244,190,220
277: 449,446,391
278: 395,246,222
279: 227,199,251,286
280: 423,168,371
281: 545,368,309,310
282: 459,461,401
283: 197,371,431,373
284: 490,431,373,314
285: 149,178
286: 257,342,279,227,226
287: 321,352,380,234
288: 404,376,435
289: 496,580,377,464,524
290: 231,261,155
291: 319,320,232,465,400
292: 347,436,438,408,351
293: 
294: 104,204,237,155
295: 268
296: 238,214,212,268
297: 442
298: 355
299: 271
300: 328,303,326
301: 303,330,387,448,329
302: 390,361,220,247,193,223
303: 301,416,300,387
304: 308,223,361,246
305: 333,361,275
306: 420,449,451
307: 336,364,424
308: 304,223,219,246,248,222
309: 310,338,366,281,368
310: 309,338,340,281,367,369
311: 459,312,430,488
312: 311,370,430
313: 374,315,314,343
314: 284,490,315,313,343
315: 374,313,314,316,346
316: 149,346,342,315
317: 176,207,256
318: 
319: 291,320,465,404
320: 291,319,232,235
321: 287,352,209,380
322: 265
323: 
324: 
325: 
326: 243,300,448,359,332
327: 163,113,164,213
328: 215,300,274,273,243
329: 418,301,330,448
330: 387,421,301,329
331: 218,190
332: 359,326,477,419
333: 305
334: 360,243,335
335: 220,334,360,390
336: 366,307,425
337: 423
338: 309,310,340
801: 777
340: 310,338,371,367
341: 252,196,168,199
342: 286,257,316,149
343: 460,314,490,396,313,398
344: 403,399,432,376,400,492
345: 260,372,201,176,256
346: 316,149,374,315,260,258
347: 292,435,438,409
348: 527,584
349: 551,433,437,525,607
350: 
351: 292,438,408
352: 321,287
353: 386
354: 383,443,413
355: 298,444
356: 444,529,413,415
357: 385,386
358: 447,530
359: 448,332,326,419
360: 334,335,390
361: 302,390,305,304
362: 446,541,511
363: 449,510,565,446
364: 246,307
365: 424,393,391,394,425
366: 336,425,309,368
367: 370,310,340
368: 281,366,309
369: 310,370
370: 367,369,312
371: 283,280,340
372: 345,260,259,256,232
373: 283,431,284
374: 315,313,346,258
375: 406,492,522
376: 465,344,288
377: 523,522,289
378: 
379: 208,233,83,209,131
380: 209,321,287,234
381: 580,554,494,466
382: 234,265
383: 354
384: 442,238
385: 239,357
386: 353,357
387: 330,476,301,303
388: 412,445
389: 137,273,274,218,217
390: 302,361,220,335,360
391: 394,451,277,365,393
392: 541,511,452,485
393: 365,424,275,451,391
394: 391,452,365,426,425
395: 278,222,250,252,423
396: 490,343,398
397: 489,454,575,458
398: 396,460,343,399
399: 403,344,460,398,432
400: 465,405,403,344,291
401: 493,282,515,402
402: 463,493,401,552
403: 399,344,405,400
404: 288,319,465
405: 403,400
406: 463,375,433
407: 
408: 263,292,351
409: 438,435,524,347
410: 
411: 440
412: 414,388,445
413: 443,354,356
414: 412,471,474,415
415: 471,356,414
416: 184,215,303
417: 501,560,532,643
418: 329,507
419: 420,359,332
420: 419,510,306
421: 330,530,507
422: 450,478,565
423: 280,337,395
424: 365,393,275,307
425: 426,365,394,336,366
426: 425,394,452
427: 575,573
428: 429,575,458,457
429: 428,457,430,488
430: 457,429,311,312,488
431: 283,373,284
432: 515,399,344,492
433: 551,349,552,463,406,525
434: 548,659,579
435: 464,288,347,409
436: 292
437: 579,550,551,349,518,607
438: 409,292,347,351
439: 470,467
440: 411
441: 
442: 297,384
443: 354,413
444: 529,356,355
445: 560,412,388
446: 362,277,363,511
447: 358
448: 359,301,326,329
449: 451,277,363,510,306
450: 422,478,479,540,483
451: 449,306,393,391
452: 394,392,426,485
453: 516,456,624,482
454: 397,489,575
455: 485,482,489,484
456: 516,453,482
457: 430,428,429,458
458: 428,545,397,457
459: 311,488,461,282
460: 343,398,399
461: 488,571,459,282
462: 574,606,579
463: 406,402,433,552
464: 435,524,289
465: 376,400,291,319,404
466: 578,584,381,554,469,527
467: 497,439
468: 264
469: 527,496,466
470: 439
471: 474,415,414
472: 
473: 475,505,530
474: 471,414
475: 473,532,533
476: 387
477: 332
478: 422,450,565
479: 450,540
480: 563,504,620,531
481: 569,508,568,539
482: 455,456,453
483: 540,450,509
484: 489,455,545
485: 455,452,392
486: 572,656,512,598
487: 535,649,595,648,566,623
488: 461,430,429,459,311
489: 397,484,455,454
490: 284,396,314,343
491: 577,547,551,552,518
492: 522,344,432,375
493: 401,402,552
494: 554,526,581,580,381,635
495: 553
496: 289,580,524,469
497: 467
498: 
499: 556,555,611
500: 502
501: 417,643
502: 500
503: 615,534,643,620
504: 563,480,506
505: 530,473,533
506: 563,504,540,564
507: 421,418
508: 624,538,481,568
509: 596,483,535
510: 420,565,449,363
511: 392,541,362,446
512: 568,516,486
513: 591,690,695
514: 600,570,680
515: 432,401
516: 456,453,512,568
517: 519,603,521
518: 551,577,491,437
519: 517,547
520: 574,577
521: 602,627,603,517
522: 492,375,377
523: 377,581
524: 464,289,496,409
525: 581,349,433,607
526: 554,494,635,578,608
527: 469,466,348
528: 
529: 444,356
530: 505,358,421,473
531: 561,620,641,480
532: 475,417
533: 505,475
534: 615,667,503,620
535: 487,595,596,509,569
536: 593,621,592,695
537: 691,619,589,590
538: 624,508,596
539: 568,481,542,626
540: 483,479,506,450
541: 392,511,362,624
542: 673,649,539
543: 626,600,601,676
544: 598,572
545: 281,484,458
546: 679,652
547: 577,491,571,519
548: 709,434,659,684,549
549: 682,684,705,548
550: 579,437,607,632
551: 349,433,552,518,491,437
552: 551,433,493,491,463,402
553: 495
554: 526,494,381,578,466
555: 499
556: 499,582,663
557: 585,588
558: 665,666
559: 587,667,617,616
560: 445,417
561: 531,669,594,567
562: 645,650,593,696
563: 504,480,506
564: 595,506
565: 422,478,510,363
566: 623,648,592,487,621
567: 594,561,669,690,695
568: 512,539,508,481,516
569: 481,596,535,649
570: 701,676,514,680
571: 461,547
572: 486,656,598,544,604
573: 575,427
574: 520,462,602,657,606
575: 428,397,454,427,573
576: 679,683,706,728
577: 491,547,520,518
578: 584,466,554,526,608
579: 550,437,462,434
580: 289,496,381,494
581: 525,523,494,635
582: 663,556
583: 750
584: 578,466,348
585: 557
586: 
587: 559,667
588: 557
589: 617,616,641,537,691
590: 642,537,670,735
591: 513,618
592: 648,695,566,536,621
593: 536,621,562
594: 648,567,561
595: 564,535,487
596: 509,535,538,569
597: 647,673,675,601
598: 486,572,544
599: 654,701,678
600: 543,626,514
601: 597,675,543,676
602: 521,627,574
603: 604,628,517,521
604: 603,628,572,656
605: 635,686
606: 657,574,462
607: 632,349,550,437,525
608: 526,578
609: 710,661
610: 632,659,636
611: 499
612: 
613: 
614: 642,668,716
615: 534,667,503,666
616: 617,589,667,559,641
617: 616,589,559
618: 718,715,671,591
619: 537,669,735,690
620: 643,534,503,480,531
621: 536,593,592,566,623,646
622: 678,625,699,701
623: 566,487,649,621,646
624: 508,538,541,453
625: 721,699,622
626: 675,543,600,539
627: 521,602,655
628: 603,604,655
629: 654,702,723,744
630: 793,700,707
631: 727,729,682
632: 607,610,550
633: 685,660
634: 708,685
635: 605,581,526,494
636: 709,659,610,660
637: 663
638: 687
639: 
640: 
641: 616,589,531,691
642: 590,614,670
643: 620,417,501,503
644: 712
645: 562
646: 673,623,621
647: 597,653
648: 594,592,487,566
649: 487,623,569,542
650: 562,672,674,696,719
651: 720,698,721
652: 657,546,679,705
653: 696,739,647
654: 599,629,723
655: 628,627
656: 486,572,604
657: 652,606,574,705
658: 726
659: 548,709,434,610,636
660: 686,636,685,633
661: 710,731,703,609
662: 752
663: 582,637,556
664: 
665: 558
666: 558,615
667: 615,534,587,559,616
668: 716,614
669: 691,619,561,567,690
670: 735,590,642,756
671: 756,715,717,718,618
672: 755,650,719
673: 542,646,597,675
674: 696,739,650,719,722
675: 626,673,597,601
676: 701,570,543,601
677: 678,789,702
678: 622,677,701,599,702
679: 576,546,652,706,705
680: 514,570
681: 683,747,744,730,793
682: 684,549,631
683: 681,744,576,728,793
684: 682,549,548,709
685: 633,634,708,660
686: 660,605
687: 638,752
688: 
689: 693
690: 695,669,619,567,513
691: 537,669,641,589
692: 718,737,755,774
693: 689
694: 756,717
695: 690,592,567,513,536
696: 674,739,653,650,562
697: 720,738,721,722
698: 720,651,758,760,779
699: 625,622
700: 630
701: 676,570,622,678,599
702: 678,677,629,747
703: 661
704: 765,743,762,724
705: 706,679,657,652,549
706: 705,576,679,728
707: 725,630
708: 634,710,685
709: 548,659,684,636
710: 661,708,609
711: 748
712: 770,644
713: 
714: 
715: 735,671,756,618
716: 734,668,614
717: 694,671
718: 692,618,671
719: 650,672,674
720: 697,651,698,738,721,758
721: 625,722,697,720,651
722: 721,674,739,697
723: 654,629
724: 789,760,704,762,761
725: 730,780,707
726: 658,727,731,784
727: 631,729,726,731
728: 793,576,683,706
729: 727,631,731
730: 725,681,793
731: 661,727,729,726
732: 
733: 775
734: 716
735: 670,715,590,619
736: 770,775
737: 692,774
738: 797,697,720
739: 674,696,653,722
740: 798
741: 781
742: 745
743: 704,765
744: 681,683,747,629
745: 746,761,742
746: 763,745
747: 681,744,702
748: 750,711
749: 
750: 583,748
751: 
752: 687,662
753: 
754: 
755: 672,692,774
756: 671,694,670,715
757: 758,776
758: 757,720,698,779
759: 788
760: 724,698,779
761: 745,724,762
762: 704,765,724,763,761
763: 746,765,762,780
764: 795
765: 704,743,762,763,780
766: 782
767: 
768: 769
769: 768
770: 712,736
771: 
772: 
773: 776
774: 692,737,755
775: 736,733
776: 777,773,757
777: 776,801
778: 
779: 698,758,760
780: 765,763,725
781: 741,790
782: 766
783: 
784: 726
785: 
786: 
787: 
788: 759
789: 724,677
790: 791,796,781
791: 790
792: 
793: 630,728,681,683,730
794: 
795: 764
796: 800,790
797: 738
798: 740
799: 