0: 
1: 
2: 
3: 
4: 
5: 
6: 9
7: 22,24
8: 
9: 10,6
10: 9
11: 74,24
12: 
13: 40,27
14: 77,78,101,103,124
15: 114
16: 
17: 21
18: 117,73,94
19: 
20: 93,75,92,143,96
21: 36,17
22: 37,24,7
23: 120,74
24: 22,7,11
25: 128,85,63
26: 
27: 40,13,61
28: 
29: 87
30: 
31: 189,89
32: 
33: 
34: 
35: 38,53,94
36: 21,73
37: 22
38: 53,35,94
39: 124,99,62
40: 27,13
41: 120,59
42: 61
43: 103
44: 
45: 
46: 
47: 
48: 112,71,55
49: 50,112,69,55,70
50: 49,112,69
51: 55,52,71,73
52: 55,70,51
53: 38,35
54: 112
55: 70,52,51,48,49,71
56: 116,194,93,75
57: 174,172,102,99
58: 
59: 101,41
60: 101,103
61: 42,27
62: 82,150,175,39
63: 80,25,128
64: 
65: 
66: 
67: 186,161
68: 140,95,72,115,91
69: 89,49,50
70: 55,52,49,138
71: 48,55,51
72: 141,140,68,115
73: 51,36,18
74: 11,23
75: 93,20,117,96,56
76: 79
77: 78,14,174
78: 77,14,174,124
79: 76,121
80: 63
81: 175,84
82: 62,150,175,153,105
83: 262
84: 81,105
85: 25,128
86: 185,210,240
87: 29
88: 89,138,165
89: 88,69,31
90: 191,276,304,246
91: 115,68,92
92: 93,20,91,171,221
93: 75,20,92,171,194,56
94: 18,38,35
95: 140,138,68
96: 117,143,75,20
97: 225,145,123,119,226
98: 146,119,121
99: 102,57,39
100: 
101: 60,59,14,103
102: 99,57,125,150
103: 43,60,101,14
104: 130,151
105: 152,82,84
106: 152,180,151
107: 
108: 
109: 162,161
110: 136,111
111: 136,110
112: 54,48,49,50
113: 135,216,137,159
114: 15
115: 91,72,68,166
116: 194,56,121,122,253
117: 96,18,75
118: 191,141,166
119: 146,123,98,122,97
120: 41,23
121: 116,122,79,98
122: 116,121,253,119
123: 146,119,97,172
124: 39,78,14
125: 172,178,102,205
126: 203,149,177,285
127: 230,177,150
128: 25,85,63
129: 
130: 104
131: 262
132: 
133: 
134: 188,187,216
135: 189,113,137,163
136: 111,160,110
137: 190,159,135,113,163
138: 140,95,88,70
139: 167,163,190,244
140: 95,138,165,72,68
141: 72,247,191,118
142: 247,189,163
143: 96,20
144: 251,199,170,148
145: 253,148,97,225
146: 123,98,119
147: 200,257,229,283,255
148: 145,224,251,144,225
149: 126,203,315,285
150: 62,82,102,153,127
151: 106,104
152: 105,106,180
153: 82,150
154: 207,204,231
155: 181
156: 
157: 212,158
158: 267,157
159: 137,213,216,113
160: 136,211
161: 67,109
162: 109,211
163: 139,135,137,190,142
164: 213,216
165: 88,247,140
166: 192,249,118,115
167: 139,247,191
168: 309,278,338
169: 250,222,337,278
170: 192,221,224,144
171: 221,224,93,92,194
172: 173,125,178,123,57
173: 172,178,228,200
174: 57,77,78
175: 62,82,81
176: 256,230,204,261
177: 205,126,230,127
178: 172,173,125,200,205,202
179: 288,320,259,233,287
180: 152,207,106
181: 155,294
182: 
183: 185
184: 386,271,270
185: 210,86,183
186: 67,211
187: 242,188,134
188: 134,241,242,187,272
189: 135,31,142
190: 137,220,139,163
191: 276,118,90,167,141
192: 166,249,221,170,248
193: 304,249,248
194: 116,56,93,171,253
195: 248,223,219,199
196: 337,252,338,223,199,254
197: 227,283,371,284
198: 226,229,251,225
199: 251,254,144,195,223,196
200: 147,228,173,178,202
201: 258,232,256,285,291
202: 203,178,200,205
203: 126,149,202,257,315
204: 207,176,261,154
205: 177,125,178,202
206: 
207: 204,180,154
208: 234,236
209: 290,231,233,379
210: 185,86
211: 160,186,162
212: 157
213: 164,215,159,245
214: 
215: 327,213,389,245
216: 164,134,113,159
217: 389,220,245,243
218: 302,244,220
219: 222,223,248,195
220: 217,245,190,218
221: 171,224,192,92,170
222: 219,308,250,169
223: 219,195,199,337,196
224: 171,221,170,148
225: 97,145,148,251,226,198
226: 229,198,228,97,225
227: 279,197,283,252,338
228: 226,229,173,200
229: 226,198,228,147
230: 127,177,176
231: 261,235,154,209
232: 258,201,317
233: 379,287,320,209,290,179
234: 208,407
235: 231,291
236: 380,208
237: 
238: 269,296,385
239: 268,353,299
240: 86
241: 188,272
242: 187,188
243: 274,389,217,331,332
244: 302,218,139,276,246
245: 217,220,213,215
246: 304,302,244,276,90,275
247: 142,167,141,165
248: 195,192,249,193,219
249: 192,166,193,248
250: 169,222,364,278
251: 199,254,144,148,225,198
252: 196,338,254,279,227
253: 145,116,194,122
254: 251,199,196,252
255: 284,286,283,147
256: 285,176,201,261,291
257: 147,203,315
258: 201,232,317,372
259: 375,260,320,179,435
260: 375,259,319,320
261: 231,291,256,176,204
262: 131,83,290
263: 352,265
264: 351
265: 263,352
800: 796,741,788
267: 158
268: 239,325
269: 238,295
270: 273,184,271,327
271: 327,272,184,270
272: 188,241,271
273: 270,274,300
274: 243,300,273,389,328,332
275: 361,246,306
276: 191,90,244,246
277: 306,365,335,333
278: 309,168,250,169,395
279: 227,283,252
280: 371,309,340
281: 369,454,368,310,457,282
282: 457,429,281,396,310
283: 279,197,227,147,255,284
284: 255,286,197,283,373,341
285: 256,126,149,201
286: 255,284,373,315,316
287: 233,379,179,288
288: 179,292,287
289: 436,409
290: 209,233,379,262
291: 261,256,201,235
292: 288,347
293: 
294: 181
295: 269
296: 238,385
297: 
298: 357,353,529,354
299: 386,239
300: 274,273,303,328
301: 330,329,359
302: 218,244,331,246
303: 326,358,300
304: 246,90,193
305: 361,390,335,334
306: 277,308,275
307: 365,336,366,364
308: 306,222
309: 168,278,367,395,340,280
310: 396,367,368,281,282
311: 374,346,370,343,398
312: 396,371,341,313,431
313: 341,312,431,370,343
314: 400,342,316,373,343
315: 257,286,203,149,316
316: 314,342,286,373,315
317: 345,372,258,232,319
318: 378,407
319: 375,260,317,345,404
320: 259,260,233,179
321: 438,408
322: 
323: 411
324: 472
325: 268
326: 303,416,476
327: 271,215,270
328: 274,300,332
329: 360,301,332,390
330: 301,358,448
331: 332,390,243,302,361
332: 331,390,274,243,328,329
333: 335,334,277
334: 335,333,360,305,477
335: 334,333,305,277
336: 393,451,307
337: 196,338,223,169
338: 337,196,252,168,227
801: 742,698,779,761
340: 367,309,280
341: 313,371,312,284
342: 400,314,316,372
343: 370,373,313,314,346,311
344: 376,465,404,463,522
345: 317,372,400,405,404,319
346: 374,311,403,343,400
347: 435,292
348: 464,381,580
349: 377,496,433
350: 
351: 408,264
352: 263,265
353: 239,357,298,355
354: 529,383,298
355: 416,414,353
356: 414,387
357: 353,298
358: 303,330
359: 301,419,448
360: 329,334,477
361: 275,305,331,390
362: 393,451,394,363
363: 394,508,420,362
364: 366,365,307,250
365: 277,307,364
366: 424,364,307
367: 423,340,309,368,310
368: 454,281,426,423,367,310
369: 454,484,281,457,545
370: 431,343,313,311
371: 280,197,312,341
372: 317,345,400,342,258
373: 284,286,343,314,316
374: 346,311,403,460
375: 259,260,319
376: 344,436,404,435
377: 409,522,349,496
378: 318
379: 233,287,209,290
380: 236,382
381: 468,348,438
382: 380
383: 384,354
384: 383
385: 296,238
386: 299,184,416
387: 356,418
388: 444,445
389: 217,215,274,243
390: 331,332,329,305,361
391: 477,446,449,420
392: 425,393,511,455
393: 362,336,394,392
394: 508,363,362,393,511
395: 423,424,309,278
396: 312,310,282,431,490
397: 489,484,456
398: 459,311
399: 460,432,515,402
400: 314,342,346,345,372,405
401: 402,493,547,491
402: 401,515,547,399
403: 374,346,460,465
404: 405,345,319,376,344
405: 465,404,400,345
406: 464,523,466
407: 234,318
408: 438,321,351
409: 377,522,436,289
410: 
411: 323
412: 502,557
413: 415
414: 355,476,356
415: 413,502
416: 355,476,386,326
417: 
418: 447,387,530
419: 448,421,359,446
420: 449,391,363
421: 530,419,478
422: 509,538,569,508
423: 367,395,424,426,368
424: 366,426,423,395
425: 392,426,455,454
426: 425,424,423,454,368
427: 575,516,456,572
428: 458,545,429,488
429: 457,282,428,545,430,488
430: 459,515,429,488
431: 370,490,396,312,313
432: 460,399
433: 492,552,349
434: 577,525,549,579
435: 347,259,376
436: 376,409,289
437: 577,493,462,492
438: 321,408,381
439: 584,470,467
440: 
441: 584
442: 472
443: 471
444: 388,445,560
445: 503,588,388,444,560
446: 419,478,391
447: 473,418,507
448: 419,330,530,359
449: 509,420,391
450: 565,483,510,509,538,540
451: 362,336
452: 455,485,489,482,456
453: 511,481,512,485
454: 369,368,484,281,425,426
455: 452,392,425,484,489
456: 516,482,452,397,427
457: 429,282,369,281,545
458: 428,545,544,461,488
459: 398,430,515,490
460: 399,432,374,403
461: 547,488,458,544,519
462: 518,493,577,437
463: 465,344,522
464: 406,348
465: 405,403,463,344
466: 581,523,554,406
467: 470,469,439
468: 381,553
469: 467
470: 467,439
471: 443
472: 324,442
473: 447,560,475
474: 615,501,588
475: 560,532,473,533
476: 416,414,326
477: 391,360,334
478: 510,421,446,509
479: 510,507,506,565
480: 563,620,561
481: 541,487,511,453
482: 516,456,452,485
483: 565,450,563,540,567
484: 369,454,455,489,397
485: 512,452,453,482
486: 514,542,622,600
487: 541,481,568,512
488: 461,429,428,458,430
489: 397,452,455,484
490: 431,396,459
491: 519,603,547,401,518
492: 552,433,493,437
493: 401,462,492,437
494: 554,579
495: 524
496: 377,349
497: 499
498: 499,556
499: 498,556,497
500: 585
501: 557,474
502: 412,415
503: 445,560,532
504: 690
505: 643,532,533
506: 533,507,479
507: 447,506,479
508: 394,363,422,569,541
509: 422,449,478,510,450
510: 478,479,565,450,509
511: 453,481,394,392
512: 485,487,453,570,598
513: 562,592,537
514: 486,573,600,572,546
515: 459,430,547,399,402
516: 573,482,456,427
517: 574,627,603,521
518: 462,491
519: 603,491,544,461,547
520: 521,606,574,576,705,657
521: 520,606,574,517
522: 409,377,463,344
523: 554,551,406,466
524: 553,580,527,495
525: 550,549,434,632,579
526: 527,581
527: 526,524,580
528: 
529: 354,298
530: 421,418,448
531: 690,641,616,589
532: 560,475,503,505,533
533: 506,532,475,505
534: 641,616,643
535: 567,540,596
536: 646,650,594,595
537: 669,591,592,513
538: 540,569,596,450,422
539: 673,543,597
540: 538,596,483,450,535,567
541: 487,569,481,508
542: 570,598,486,622
543: 675,539,673,597,651
544: 458,461,519
545: 428,458,369,457,429
546: 604,571,572,514,600
547: 461,515,519,491,402,401
548: 576,631,727,657
549: 550,525,606,434
550: 525,549,606,657
551: 554,552,523
552: 492,433,551
553: 524,468
554: 494,551,523,466
555: 582,584
556: 499,498
557: 412,501
558: 615
559: 667,587,668,616
560: 532,475,444,445,503,473
561: 562,648,480,620
562: 513,594,561,648,592,620
563: 480,483,567
564: 567,648,593
565: 483,450,510,479
566: 624,593,621
567: 535,564,483,563,540
568: 624,487,570
569: 538,596,422,508,541
570: 542,624,568,512
571: 572,546,575,627,628
572: 571,546,573,514,427,575
573: 516,598,514,572
574: 602,517,521,520,705
575: 427,571,572
576: 631,705,548,683,520,657
577: 434,437,462
578: 608,582
579: 632,434,525,494
580: 524,348,527
581: 466,526
582: 608,578,555
583: 636
584: 439,441,555
585: 500
586: 
587: 668,613,616,559
588: 474,445
589: 667,590,616,531,669
590: 667,589,617,669
591: 669,537,671,619
592: 690,537,620,562,513
593: 595,648,564,566,621
594: 562,648,595,536
595: 649,593,594,648,646,536,621
596: 538,540,569,535
597: 539,543,601
598: 542,512,573
599: 600,626,680,676
600: 599,514,486,546
601: 651,653,597,626,625
602: 574,628,604,656,705
603: 519,491,627,517
604: 546,654,602,628,656
605: 682,632,659
606: 521,520,550,549
607: 660,686
608: 578,582
609: 685,636,634,610
610: 663,634,609,636
611: 688
612: 639
613: 587
614: 642,617,691
615: 474,558
616: 534,587,667,589,559
617: 667,590,691,614,642
618: 695,650
619: 591,671
620: 480,592,690,562,561
621: 673,595,649,593,566
622: 626,542,486
623: 674,649,646,647
624: 568,566,570
625: 680,601,653,701,702
626: 599,622,601
627: 517,628,571,603
628: 602,627,604,571
629: 679,654,676,723
630: 730,707,681
631: 576,548,683,727
632: 635,579,525,605
633: 684,708,731
634: 659,610,663,609
635: 632,686,663
636: 609,610,583
637: 
638: 687
639: 612
640: 
641: 534,643,531
642: 614,617,715
643: 505,641,534
644: 715,735,694
645: 695,670,671,756
646: 650,536,647,595,649,623
647: 646,650,672,623
648: 562,594,561,564,595,593
649: 595,646,621,673,623
650: 646,536,647,618
651: 601,653,675,543
652: 656,683,654,723
653: 601,651,699,625,701
654: 676,604,629,652,656,723
655: 723,706,679,681
656: 652,683,604,654,602,705
657: 682,520,576,548,550
658: 729,726,709,708,767
659: 634,605
660: 686,607
661: 731,685
662: 
663: 686,610,635,634
664: 688
665: 668
666: 689
667: 589,617,559,590,616
668: 665,587,559,691
669: 591,537,589,590
670: 671,715,645,756
671: 670,591,619,645
672: 718,647,719
673: 621,539,649,543
674: 623,675,719,696
675: 674,543,696,651
676: 654,599,680,702,629
677: 762,701,720,789
678: 724,743,702
679: 702,629,743,723,655
680: 625,599,676,702
681: 707,744,655,630
682: 657,605,684
683: 652,656,576,631,705
684: 709,708,682,633
685: 609,661
686: 660,663,635,607
687: 638
688: 664,611
689: 666
690: 592,531,504,620
691: 617,668,614
692: 714
693: 753,716
694: 735,644
695: 645,618,756,737,718
696: 719,721,674,675
697: 720,699,721,758
698: 789,779,762,801,761
699: 720,697,653
700: 765,747,724,704,744
701: 677,653,720,625,702
702: 679,680,625,701,676,678
703: 725,730,729,784
704: 763,700,747,793
705: 576,602,574,656,683,520
706: 655
707: 681,765,730,630,725
708: 684,709,658,633
709: 684,708,727,728,726,658
710: 748,750
711: 
712: 
713: 
714: 692
715: 670,642,644,735
716: 734,693
717: 737,755,775
718: 672,695,737
719: 696,672,674
720: 699,697,701,677
721: 696,739,697,758
722: 739,757,758,760
723: 655,654,679,629,652
724: 743,678,762,700
725: 703,766,707,765,730
726: 728,709,658
727: 728,631,548,709
728: 727,726,709
729: 658,703,784
730: 630,707,703,725
731: 633,661
732: 768
733: 755,736
734: 716
735: 694,644,715,736,756
736: 735,733,755
737: 695,718,717
738: 
739: 722,721,758
740: 787
741: 759,800
742: 801,745
743: 724,678,679
744: 681,765,700
745: 742,790
746: 781,780,782
747: 765,700,704,793,766
748: 710,767
749: 783
750: 710
751: 783
752: 
753: 693
754: 786
755: 733,736,717,775,770
756: 670,735,695,645
757: 774,722
758: 721,722,739,697
759: 797,741
760: 722,774
761: 763,698,801
762: 677,698,724
763: 761,704,793
764: 
765: 700,747,707,744,725
766: 725,747
767: 658,748
768: 732
769: 
770: 775,755,776
771: 785
772: 777
773: 776
774: 757,760,797
775: 770,755,717
776: 773,770
777: 772
778: 790,781
779: 789,698,801
780: 781,746,782,799
781: 780,778,746
782: 746,780
783: 749,751
784: 703,729
785: 771
786: 754
787: 740
788: 800
789: 698,779,677
790: 745,778
791: 792
792: 791
793: 704,763,747
794: 
795: 
796: 800
797: 774,759
798: 
799: 780