0: 
1: 
2: 
3: 
4: 
5: 15
6: 22,35,37,9
7: 10,22
8: 10
9: 10,22,6
10: 9,22,8,7
11: 58
12: 
13: 
14: 99,60,77,103
15: 5,32
16: 
17: 71,66
18: 37,36
19: 33
20: 55,73,95
21: 71,55
22: 6,35,9,10,7
23: 53,94,38
24: 40
25: 103,43,63
26: 
27: 101,59,60
28: 
29: 87
30: 
31: 109,161,69
32: 15
33: 19
34: 
35: 22,6,53
36: 53,94,18,117
37: 18,6
38: 23,120
39: 99,81,100,150
40: 24
41: 77,101
42: 64,61
43: 25
44: 
45: 84,152,62,82
46: 67
47: 
48: 54
49: 50,89,70,138
50: 49,89,69
51: 52,70,71,55
52: 51,70,55,73
53: 36,94,35,23
54: 48,112
55: 20,51,52,21,73
56: 116,122,121,76
57: 174,78,146,123,172,173,125
58: 11
59: 101,27,74
60: 101,27,77,103,14
61: 80,42
62: 150,175,100,45,82
63: 128,25,80
64: 42
65: 
66: 17
67: 46,186,161
68: 138,70,115,140,72
69: 142,89,31,50
70: 51,52,49,138,68
71: 17,51,21
72: 91,73,68,115,143
73: 91,95,72,52,55,20
74: 59
75: 93,96,116
76: 56,79
77: 41,101,60,14
78: 174,57,146,98,124
79: 146,98,76
80: 61,63
81: 100,39
82: 105,175,153,62,45
83: 154,261,207,155
84: 45,106,85
85: 84
86: 110
87: 29
88: 189,139,142
89: 142,69,50,49,138
90: 191,276,247
91: 73,95,72,143
92: 171,194,221,95,166,143,93
93: 75,194,92,116
94: 53,36,117,23
95: 91,73,20,92
96: 117,75
97: 123,119,225,198,172
98: 79,146,78
99: 14,39,124,150
100: 81,39,150,62
101: 27,59,60,77,41
102: 174,125,178
103: 25,60,14
104: 
105: 82,180,152
106: 84,152
107: 130
108: 
109: 31,160,162
110: 86
111: 136,185
112: 54
113: 186,160,136
114: 
115: 141,68,72,143
116: 56,122,93,75
117: 96,36,94
118: 247,141,191
119: 123,97,121
120: 38
121: 56,122,119
122: 56,116,121,145
123: 97,119,146,57,172
124: 174,78,99
125: 173,174,57,102
126: 285,177
127: 
128: 63
129: 
130: 181,107
131: 208,154,155
132: 
133: 
134: 242,188
135: 162,211,137,189
136: 111,113
137: 164,135
138: 68,49,89,70
139: 189,88,163,165
140: 141,142,68
141: 115,140,118
142: 89,69,88,140
143: 166,115,91,72,92
144: 224,195,170,171,199
145: 253,194,122
146: 79,98,123,78,57
147: 200,229,257,286,284
148: 251,196,199,224,253,225
149: 315,342,203,201
150: 175,62,99,39,100
151: 
152: 45,106,105
153: 175,82,205
154: 209,83,155,131
155: 207,154,83,131
156: 
157: 
158: 
159: 216
160: 113,109
161: 67,31
162: 135,109
163: 218,190,139,165,167
164: 137,216,213,245
165: 247,167,139,163
166: 143,192,221,92
167: 276,247,165,163,218,244
168: 278,280,169,252,338
169: 222,223,199,168
170: 224,144,249,192,171,221
171: 194,221,92,224,144,170,253
172: 228,123,97,57
173: 228,125,57,202
174: 78,57,125,124,102
175: 150,153,62,82
176: 205,231,204
177: 126,202
178: 102
179: 287,290
180: 105
181: 130,182
182: 181
183: 
184: 270,268,353
185: 111
186: 113,67
187: 210,242
188: 134,272,241,216,271
189: 88,139,135
190: 163,218
191: 90,249,192,118
192: 191,249,166,221,170
193: 246,304,276
194: 171,92,93,145
195: 144,249,248,223,199
196: 251,148,199,337
197: 255,227,284,313,341
198: 254,226,225,251,97
199: 196,148,144,195,223,169,337
200: 147,202,228
201: 285,149,230,256
202: 200,173,177
203: 285,257,315,149
204: 233,231,176,261
205: 176,153,231
206: 236,234,237
207: 83,155
208: 131,234,262
209: 154,290
210: 187
211: 135
212: 238
213: 215,216,164,245
214: 238
215: 213,327,273
216: 159,188,213,271,164
217: 244,220,218,302,246
218: 163,190,217,244,167
219: 250,248,308
220: 389,245,217
221: 171,92,166,192,170
222: 223,169,250,248
223: 222,169,248,195,199
224: 144,170,171,253,148
225: 253,251,148,97,198
226: 254,229,198,228
227: 312,338,255,197,279
228: 172,173,226,200
229: 254,226,283,147
230: 231,256,285,201
231: 230,205,176,204
232: 260,291,233
233: 204,232,235,261
234: 236,262,318,208,206
235: 291,233,287
236: 234,318,378,206
237: 294,206
238: 214,212
239: 268,325
240: 
241: 272,188
242: 134,187
243: 331,302,389,274,301,332
244: 217,218,167,246
245: 220,213,164
246: 193,304,217,244,302
247: 276,165,167,118,90
248: 250,219,249,195,222,223
249: 191,192,248,195,170
250: 219,248,308,222
251: 196,148,225,254,198
252: 337,338,168,279
253: 145,225,171,224,148
254: 226,229,198,251,283
255: 197,279,283,227,284
256: 230,201
257: 286,147,203,315
258: 342,317
259: 288,375,320,287,435
260: 291,232,320,319
261: 83,233,204
262: 234,318,290,208
263: 265,380,352
264: 408,382,265,322
265: 263,322,264,352
800: 797,788
267: 
268: 325,239,353,184
269: 385
270: 184,299,300,386
271: 188,272,216
272: 241,188,271
273: 300,326,215,327,328
274: 328,301,389,243
275: 390,335,305,361
276: 247,167,193,90
277: 308,306,307
278: 168,280,364,309
279: 255,283,252,338,227
280: 278,168,371,309,340
281: 457,426,369,396,430
282: 311,431,370
283: 255,279,254,229
284: 286,255,197,147,341
285: 203,126,230,201
286: 257,284,147,341,315
287: 179,291,235,320,259
288: 259,435,379
289: 436,292,435,409
290: 179,209,262,318
291: 260,232,235,320,287
292: 347,289,435,407
293: 
294: 237
295: 
296: 324,383
297: 324
298: 384,383
299: 416,270,386
300: 273,326,270,327,386
301: 328,274,303,243,332
302: 331,243,217,246,361
303: 358,301,329,332
304: 193,246,308
305: 331,360,332,361,390,275
306: 335,277,308
307: 424,333,277,365
308: 277,304,306,250,219
309: 364,365,395,367,278,280,310
310: 340,426,368,309
311: 398,282,370,314,346
312: 227,371,313
313: 343,370,341,197,312
314: 372,373,343,370,311,346,400
315: 342,149,257,286,203,316
316: 372,373,315,342
317: 258,345,319,344
318: 236,234,262,290,378,379
319: 320,344,317,260
320: 375,319,260,291,287,259
321: 407,408
322: 265,264,410
323: 350
324: 296,297
325: 268,239
326: 300,273,386,328
327: 215,300,273
328: 274,301,273,326
329: 360,332,303,477
330: 358,476,448,359
331: 305,243,302,332,361
332: 329,360,301,303,331,305,243
333: 307,335,334
334: 390,362,333
335: 275,306,333
336: 392,363,451,366
337: 252,196,199
338: 252,168,371,279,227
801: 704,761,742,745
340: 310,280,371,396
341: 343,313,197,286,284,373
342: 315,149,316,258
343: 370,313,341,373,314
344: 375,319,317,404
345: 404,403,400,317
346: 374,400,398,311,399,314
347: 292,409,348,438
348: 409,524,347
349: 522,463,437,406
350: 323
351: 381,438,468
352: 265,263,410
353: 529,268,184,355
354: 384,357,529
355: 416,353,529,414
356: 418,387,416,476
357: 529,354
358: 303,330,476
359: 446,477,330,419
360: 329,332,305,477,390
361: 331,305,302,275
362: 477,390,334,391
363: 392,336,451,422,393
364: 365,309,278
365: 364,309,307,424,395
366: 424,392,336,423
367: 395,423,309,425,368
368: 310,426,367,425,369
369: 426,368,281
370: 343,313,311,282,314
371: 280,338,340,312
372: 373,316,314,400
373: 372,316,314,343,341
374: 346,400,460,403,465
375: 320,344,259
376: 436
377: 409,524,436
378: 236,318
379: 407,288,318
380: 263
381: 351,468
382: 264
383: 385,296,298
384: 298,415,354
385: 383,269
386: 270,416,299,300,326
387: 418,356
388: 413
389: 220,274,243
390: 275,334,305,360,362,477
391: 362,449,420,509
392: 336,363,366,393,455
393: 481,392,363,455,394
394: 393,455,452
395: 367,423,424,365,309
396: 430,340,426,281
397: 428,545,456,427,489
398: 311,431,490,399,346
399: 490,459,398,346,432
400: 374,346,372,314,403,345
401: 518,515,492,402
402: 432,492,459,515,401
403: 405,404,345,374,400,465
404: 405,403,345,344
405: 404,403,522,465
406: 552,496,349,437
407: 321,379,292
408: 264,321
409: 348,377,347,289,436
410: 322,352,411
411: 410
412: 501,502
413: 388
414: 416,355
415: 502,384
416: 355,299,414,386,356
417: 534,643,531,641
418: 387,356,476,448,530
419: 448,530,421,446,359
420: 509,451,391,422
421: 478,447,419,530
422: 481,451,420,508,363
423: 395,367,366,424
424: 366,307,365,395,423
425: 367,368,454
426: 310,368,369,396,281
427: 456,516,397,545,458
428: 397,545,488,547
429: 490,459,457,488
430: 396,457,281,431
431: 398,282,430,490
432: 460,492,402,399,459
433: 493,437,518,463
434: 493,437,551
435: 289,292,288,259
436: 289,376,409,377
437: 493,433,349,434,406
438: 347,351
439: 467,584
440: 441
441: 440
442: 
443: 
444: 447,475
445: 588,473
446: 359,419,478
447: 444,475,421
448: 419,530,418,330
449: 479,391,509
450: 565,480,510,483
451: 420,336,363,422
452: 511,453,541,394
453: 541,508,569,481,452
454: 425,455,484
455: 392,393,394,454,484
456: 427,489,484,397
457: 281,488,430,429
458: 544,427,572,516,545
459: 490,399,429,515,432,402
460: 432,492,374,465
461: 544,603,545,547
462: 517,491,577
463: 522,349,433
464: 552,496
465: 522,374,460,405,403
466: 554,580
467: 555,439
468: 381,351
469: 
470: 
471: 472
472: 471
473: 505,445,475
474: 585,558,503,615
475: 444,447,473
476: 418,356,330,358
477: 362,359,329,360,390
478: 421,507,446,479
479: 478,449,509,510
480: 450,561,483
481: 422,393,508,453
482: 511,512,485,573,516
483: 564,450,480,567
484: 456,455,485,454
485: 511,482,484
486: 598,568,487,512,570,514
487: 512,541,596,568,486,598
488: 457,428,429
489: 456,397
490: 399,459,429,398,431
491: 517,462,519,574,520
492: 432,460,402,518,401
493: 433,437,518,577,434
494: 523,551,581,579,554
495: 553,580
496: 406,524,464
497: 
498: 
499: 584
500: 
501: 412,588
502: 415,412
503: 474,615
504: 533,620,561
505: 473,532
506: 507,560,533,565
507: 506,560,478,565
508: 538,569,481,422,453
509: 420,538,510,449,479,391
510: 538,509,479,450
511: 512,482,452,485
512: 511,487,482,486,573,514
513: 537,562,618,536
514: 542,512,486,573
515: 547,459,402,401
516: 572,573,482,427,458
517: 462,491,577,520,521,549
518: 401,492,493,433
519: 574,491
520: 602,705,574,517,491,521
521: 606,576,549,520,517
522: 463,465,349,405
523: 494,551,581,552,554
524: 348,377,496
525: 550,579
526: 578,660,581
527: 555
528: 
529: 353,357,354,355
530: 419,448,418,421
531: 616,643,417,620,690,669
532: 505,533
533: 504,690,532,506,560
534: 643,417,641,587,667
535: 564,540,596,624,566
536: 593,513,618,650,594
537: 513,592,589,618,619
538: 509,508,510,567,569
539: 621,649,543
540: 541,567,569,535,596
541: 540,453,596,487,452
542: 599,514,622
543: 570,649,539
544: 603,575,458,461,572,545
545: 428,397,427,544,458,461
546: 571,627,599,654,628
547: 515,428,461
548: 631,682,606
549: 521,517,577
550: 525,605,635
551: 494,523,434,552
552: 406,523,551,464
553: 495,580
554: 466,494,523,581
555: 584,527,582,467
556: 637
557: 585
558: 666,474,615
559: 613,639,691,665
560: 506,507,533
561: 563,562,504,480
562: 563,561,592,513
563: 561,562,648
564: 483,535,648,566
565: 450,506,507
566: 624,564,535,621
567: 569,538,483,540
568: 596,624,487,486,598
569: 567,538,508,540,453
570: 543,486,598,622
571: 546,627,572,599,575
572: 516,544,575,458,571
573: 516,512,482,514
574: 519,603,602,520,491
575: 544,603,572,571,627
576: 521,606,705,631
577: 517,462,549,493
578: 526,660,632,659
579: 525,494,581
580: 466,553,495
581: 494,523,579,632,554,526
582: 608,555
583: 636,685
584: 555,439,499
585: 474,557
586: 
587: 613,534,667
588: 445,501
589: 669,537,619
590: 670,642
591: 671,618,619,695
592: 669,620,562,537
593: 536,595,648
594: 646,647,650,618,536
595: 593,650,621
596: 624,568,535,540,541,487
597: 601,625
598: 486,568,487,570
599: 542,546,571,654
600: 654,676,601,626,629
601: 597,626,600
602: 628,705,520,574
603: 544,575,461,627,574
604: 654,676,628,656,652
605: 550,635
606: 521,576,631,548
607: 608,660
608: 582,607
609: 731,634,663
610: 686,663,636
611: 
612: 640
613: 559,587,639
614: 691,693,642
615: 641,474,558,503
616: 643,531,617,669
617: 667,616,643
618: 591,513,537,536,594
619: 591,671,670,589,537
620: 504,690,531,669,592
621: 649,539,595,566
622: 542,570
623: 673,674,675
624: 596,568,566,535
625: 626,680,653,651,597
626: 625,680,601,600,629
627: 546,571,603,575,628
628: 602,546,627,604,656
629: 702,626,676,600
630: 709,727,655,726
631: 682,548,606,576,727
632: 635,581,659,578
633: 684,657,634
634: 633,609,663
635: 632,550,605,659
636: 583,610
637: 556
638: 
639: 559,613
640: 612,666
641: 615,534,417
642: 614,590,694
643: 534,616,531,417,617
644: 716,694,692
645: 718,695,647
646: 647,650,594,672,674
647: 646,594,672,645
648: 593,563,564
649: 621,539,673,543
650: 646,594,536,595
651: 699,675,625,653
652: 683,656,676,604,723
653: 625,680,699,651,701,678
654: 676,600,604,599,546
655: 727,630,683,706
656: 652,604,628,705
657: 684,633
658: 767,728
659: 632,635,578,686,663
660: 526,578,686,607
661: 685
662: 
663: 686,610,659,634,609
664: 
665: 668,691,753,559
666: 558,640
667: 617,587,534
668: 691,693,665,753
669: 592,616,531,620,589
670: 590,715,671,619
671: 591,619,670,715,695,756
672: 718,646,647,674,696,738
673: 623,674,649
674: 673,623,646,672,696
675: 651,623
676: 654,600,604,629,652,723
677: 720,697,698
678: 701,680,653,702,724
679: 706,723,702
680: 625,626,653,678
681: 730,726,707
682: 631,548,709,727
683: 652,706,723,655
684: 633,728,709,657
685: 661,583
686: 610,663,659,660
687: 711,732
688: 
689: 
690: 533,620,531
691: 668,693,665,559,614
692: 644
693: 668,691,614
694: 715,642,644
695: 756,591,671,645
696: 721,672,674
697: 719,722,721,677
698: 762,789,677,701
699: 651,720,653
700: 704,724,743
701: 678,653,762,698,724
702: 629,678,744,679
703: 707,725,765,730
704: 801,700,763,747
705: 602,520,656,576
706: 679,723,683,655
707: 725,681,703
708: 710,767,731
709: 727,630,682,684
710: 708,767,729
711: 750,732,687
712: 754
713: 
714: 734
715: 694,670,671,756
716: 644,734
717: 775
718: 672,645,739,737,738
719: 697,739,721,738
720: 677,721,699
721: 696,738,719,697,720
722: 757,697,774,758
723: 679,706,676,683,652
724: 701,678,762,700,761
725: 765,743,707,703
726: 681,730,630,728
727: 709,630,655,631,682
728: 684,726,658,767
729: 710
730: 681,726,703
731: 609,708
732: 711,687
733: 776
734: 714,716
735: 736,755,756
736: 755,735,776,770
737: 770,755,718
738: 721,672,718,739,719
739: 718,738,719
740: 787,798
741: 797,759
742: 762,789,779,801,761
743: 744,700,725
744: 702,743
745: 778,763,801
746: 781,747
747: 781,746,704,763
748: 769
749: 784
750: 711,769
751: 783
752: 
753: 668,665
754: 712
755: 736,735,770,737
756: 695,715,671,735
757: 722,774
758: 759,722,774,760
759: 758,760,741
760: 758,759,789,779
761: 801,762,742,724
762: 789,742,698,701,724,761
763: 778,745,704,781,747
764: 782
765: 725,703
766: 784
767: 658,728,708,710
768: 
769: 748,750
770: 737,736,755
771: 785
772: 773
773: 777,772
774: 757,722,758
775: 717
776: 733,736
777: 773,787,788
778: 745,763
779: 760,789,742
780: 799
781: 746,747,763,793
782: 799,764
783: 751
784: 766,749
785: 771,786
786: 785
787: 740,777,788
788: 800,777,787
789: 762,742,698,760,779
790: 793,796,792
791: 792,795
792: 791,790,799
793: 790,781
794: 
795: 791
796: 790
797: 800,741
798: 740
799: 780,792,782