0: 
1: 
2: 
3: 
4: 
5: 
6: 
7: 
8: 11,27,9
9: 8
10: 
11: 8,27,22
12: 
13: 64,44
14: 40,42,43
15: 133,31
16: 33
17: 91,21
18: 94,36,37
19: 
20: 224,118,248,249,193
21: 36,17
22: 11,23
23: 22
24: 35
25: 
26: 44
27: 8,11
28: 
29: 
30: 185
31: 15
32: 34
33: 16
34: 32
35: 76,93,24
36: 21,18
37: 18
38: 
39: 62,150,124,128
40: 120,42,14
41: 116,76,77,121
42: 40,174,14
43: 63,14
44: 26,58,64,13
45: 
46: 65
47: 
48: 161,71
49: 72,162,95
50: 186,113
51: 89,66
52: 88,161
53: 94
54: 
55: 79,70,73
56: 140,138,96
57: 172,123,99,203
58: 44
59: 122,145,225,119
60: 128,100
61: 74
62: 39,125
63: 43
64: 13,44
65: 46
66: 51
67: 69
68: 138,72,118,191,96
69: 67
70: 55,140
71: 48,161,88
72: 244,49,167,68,138
73: 75,91,55,79
74: 61
75: 73,171,79,253
76: 35,101,93,41,77
77: 121,76,101,41
78: 225,119,102,123
79: 55,75,73
80: 81
81: 85,175,80
82: 
83: 131,287,290
84: 
85: 81,175
86: 353,416,271,386
87: 
88: 52,71,161
89: 51,161
90: 142,115
91: 17,73
92: 117,171,253,192,98,170
93: 76,35
94: 18,53
95: 167,162,49
96: 249,192,56,68
97: 122,98,116,117
98: 116,92,117,97
99: 123,125,57
100: 128,60
101: 76,103,77
102: 78,119,229,123
103: 174,101
104: 231
105: 
106: 
107: 
108: 
109: 241,113,327,213
110: 
111: 160,245,132
112: 133
113: 186,50,109,213
114: 
115: 90,139,302
116: 98,41,97
117: 92,98,170,97,122
118: 191,248,166,68,20
119: 225,78,102,59
120: 40
121: 146,77,41,225
122: 97,59,117,145
123: 125,99,78,102,57
124: 150,39
125: 123,99,62
126: 207,177
127: 178,285,172,200,203
128: 60,39,100,175
129: 
130: 182
131: 83,290,233,179
132: 241,160,111
133: 112,15
134: 
135: 141
136: 
137: 159,274,215,389
138: 68,167,72,56,140
139: 247,302,115,244
140: 56,167,70,138
141: 163,213,135,189
142: 90,163,217
143: 221
144: 195,169,198,251,252
145: 194,122,59
146: 150,121,225
147: 194,251,257,205,228
148: 223,248,166
149: 342,316,202,258,286
150: 146,124,39
151: 182
152: 261,233,176,235
153: 207,180
154: 231
155: 261,233,294
156: 
157: 267
158: 183,242
159: 273,137
160: 272,111,132,241
161: 48,71,52,88,89
162: 165,95,49
163: 141,217,189,142
164: 218
165: 162
166: 118,248,247,148
167: 95,72,140,138
168: 341,250,197,199
169: 198,193,144,195
170: 192,92,117
171: 75,253,92
172: 57,229,178,127
173: 345,176
174: 103,42
175: 85,81,128
176: 173,259,152
177: 207,126,230,317
178: 127,255,172
179: 235,320,131,290
180: 153
181: 236
182: 130,151
183: 158
184: 274,386,416
185: 30
186: 113,50
187: 295,212,188
188: 242,210,187
189: 163,141
190: 331,334,216
191: 118,244,68
192: 96,249,253,92,170
193: 249,20,224,169,195
194: 145,147,198
195: 144,196,193,224,169
196: 195,254
197: 280,340,283,250,168,199
198: 169,144,194,251
199: 197,168,279,490
200: 203,127,230
201: 345,346,258,286
202: 255,342,226,149
203: 200,57,127
204: 294,206
205: 229,228,147
206: 294,204
207: 177,126,317,153
208: 351,438,292,288
209: 378,321
210: 188
211: 240
212: 187,295
213: 327,141,113,109
214: 268,267
215: 328,274,137
216: 190,334,335
217: 327,163,142
218: 164,331
219: 223,304,222,246
220: 361,302
221: 143
222: 395,219,246
223: 219,148,364,304
224: 20,193,195
225: 78,119,59,146,121
226: 342,279,257,341,202
227: 342,316
228: 205,147
229: 205,102,172
230: 200,177
231: 104,154
232: 374,344,315,346
233: 261,155,152,235,131
234: 
235: 179,233,152
236: 181,237
237: 236
238: 296
239: 357,296,385,353
240: 211
241: 132,160,109
242: 158,188
243: 328,389,334,326,360
244: 72,139,191
245: 111
246: 278,308,219,366,222
247: 139,302,361,166
248: 118,166,148,20
249: 96,192,193,20
250: 280,197,168
251: 257,252,198,144,147
252: 251,144,341
253: 75,171,192,92
254: 395,196
255: 202,257,178
256: 400,405,260,372,320,291
257: 251,147,255,226
258: 286,316,149,315,201
259: 260,372,345,176
260: 259,372,256,320,291
261: 233,155,152,317
262: 321
263: 467
264: 
265: 470
800: 
267: 157,214
268: 214,269
269: 268
270: 271,325,272,273
271: 325,270,299,357,86
272: 160,270
273: 159,270,274,386
274: 184,273,137,215
275: 364,390,424,336
276: 477,334
277: 393,363
278: 308,246,366,307
279: 342,226,199
280: 340,197,308,250
281: 337,425,452,309,338,369
282: 457,312,370,284,311,461
283: 340,197,371
284: 314,373,370,282,311
285: 127,286
286: 258,149,285,201
287: 83,290
288: 292,208,438
289: 375,522,347,377
290: 131,83,287,179,379
291: 404,260,256,320
292: 288,436,208
293: 382
294: 204,206,155
295: 187,212
296: 238,239
297: 
298: 355,356
299: 357,271
300: 326,418,359,332,448
301: 328,326
302: 139,247,335,115,220,361
303: 358,387
304: 366,336,364,219,223
305: 332,477,360,390,451
306: 422,419,510,449
307: 366,336,278
308: 278,246,280,340
309: 452,394,281,368,369,458
310: 369,484,367,312
311: 461,459,282,284,571
312: 282,457,310
313: 315,343
314: 284,373,343,460
315: 313,258,346,232
316: 342,149,227,258
317: 207,177,261
318: 469,554,468,466,348
319: 464,400,404,465
320: 179,260,256,291
321: 262,378,209
322: 
323: 
324: 472
325: 271,270
326: 300,301,243,360
327: 213,109,217
328: 215,389,301,243
329: 478,418,507,422
330: 421,473
331: 190,334,218,389
332: 305,300,419,448,420,451
333: 420,424,391
334: 190,331,243,216,276
335: 216,302
336: 304,366,275,424,307
337: 425,281,423
338: 367,423,281,369
801: 796
340: 280,197,283,308,423
341: 168,252,226
342: 226,316,149,279,202,227
343: 314,313,460
344: 232,374,376,403,400,405
345: 201,346,173,259
346: 345,201,315,232,372
347: 522,289
348: 466,318,584,499
349: 551,437,525,433,607
350: 
351: 208,438
352: 
353: 86,416,239,357,385
354: 413
355: 384,298
356: 298
357: 239,299,271,353
358: 303,476
359: 478,418,300
360: 477,243,326,305
361: 220,247,302
362: 483,392,541
363: 449,392,446,277
364: 275,223,304
365: 391,426,393,425
366: 304,336,307,278,246
367: 338,371,369,310
368: 485,511,309,394,458
369: 484,310,281,309,367,338
370: 431,282,284,373
371: 367,423,283
372: 259,260,346,256,405
373: 284,314,431,370
374: 232,344,403
375: 522,289,463,377
376: 432,403,344,400,492
377: 523,463,375,289
378: 209,321
379: 436,290
380: 
381: 635,523,581,580
382: 293
383: 
384: 355
385: 239,353
386: 184,86,416,273
387: 303
388: 415,471
389: 328,137,331,243
390: 275,305,451,424
391: 365,333,424,393
392: 446,363,362,541
393: 426,277,391,365
394: 452,309,426,511,368
395: 222,254
396: 460,399,432,403
397: 489,482
398: 571,399,401
399: 398,396,432
400: 256,405,344,376,319
401: 493,398,406
402: 519,547
403: 376,432,396,374,344
404: 291,319,465
405: 256,400,344,372
406: 515,401,463
407: 
408: 
409: 435,524,496
410: 
411: 
412: 417,501
413: 471,443,354
414: 417,447,501,620,445
415: 388,560
416: 353,86,184,386
417: 414,560,412,501
418: 478,329,359,300,422,448
419: 306,448,332,420,449
420: 333,451,332,419,449
421: 330,533,473,478
422: 306,448,418,329,510
423: 338,371,337,340
424: 333,275,390,336,391
425: 337,281,365,426,452
426: 393,365,425,452,394
427: 575,603,429
428: 488,461
429: 488,427,603,573
430: 457,484,545,575
431: 370,373
432: 376,403,396,399
433: 525,551,349
434: 709,686,659,577,550
435: 524,438,409
436: 292,379
437: 518,659,349,607
438: 208,351,288,435
439: 470,497
440: 
441: 
442: 
443: 502,500,413
444: 476,529
445: 620,447,414,475
446: 392,510,479,363
447: 414,560,445
448: 422,419,300,418,332
449: 363,306,419,420
450: 509,564,505,540,479,483
451: 420,332,305,390
452: 309,394,426,425,281
453: 516,511
454: 545,485,455
455: 485,511,516,454
456: 603,598,489,572
457: 282,312,430
458: 484,309,485,368
459: 311,461,571
460: 396,343,314
461: 311,459,282,428
462: 574,491,579
463: 551,406,375,377
464: 319,492,465
465: 319,464,404
466: 348,318
467: 263,468
468: 318,467
469: 318,496,554
470: 439,265
471: 413,388
472: 324
473: 533,330,421
474: 639,666
475: 533,563,445
476: 444,358
477: 360,276,305
478: 418,329,359,421
479: 510,540,450,446,483
480: 504,567
481: 646,542,623,621
482: 656,486,512,397
483: 362,479,450,509
484: 369,310,458,430
485: 511,455,368,458,454
486: 656,482,680,514
487: 566,592
488: 428,429
489: 397,456
490: 199
491: 462,519,518
492: 464,376,515,522
493: 401,547
494: 635,526,578,584
495: 
496: 527,524,409,469
497: 553,439
498: 637,583
499: 348
500: 443,502
501: 503,412,414,417
502: 443,500
503: 501,643
504: 567,480,506,594
505: 450,564,540
506: 530,504,564
507: 565,533,329
508: 538,568
509: 450,564,595,483,649
510: 540,479,565,306,422,446
511: 485,455,368,453,394
512: 482
513: 718,645,618
514: 570,486,680
515: 406,492
516: 453,624,455
517: 603,598
518: 659,437,491
519: 402,552,520,491
520: 574,552,519
521: 544,604,627,655
522: 375,289,347,492
523: 377,381
524: 435,527,496,409
525: 581,433,349,607
526: 605,494,608
527: 496,524
528: 
529: 444
530: 506,563
531: 643
532: 
533: 475,473,421,507
534: 643,615
535: 542
536: 562,695,593,647
537: 617,691,590,735,690
538: 624,508,541,596,568
539: 542,600,673
540: 510,479,565,450,505
541: 538,624,392,362
542: 646,481,535,539,673
543: 673,570,600
544: 521,627
545: 454,430,575
546: 679,723,629
547: 402,573,493
548: 682,729,657,727
549: 705,657
550: 610,659,434
551: 463,349,433
552: 573,519,520
553: 497
554: 578,584,318,469
555: 
556: 
557: 
558: 615
559: 
560: 417,415,447
561: 619,641,669
562: 696,672,536,647
563: 475,530
564: 450,509,505,506
565: 507,510,540
566: 669,487,695,735,592
567: 504,480,594
568: 596,569,538,508
569: 649,648,596,568
570: 543,626,514
571: 398,311,459
572: 656,456,598
573: 552,429,547
574: 520,462,627
575: 427,545,430
576: 631,727
577: 606,659,434
578: 554,584,635,494
579: 462,606
580: 635,381
581: 525,610,607,635,381,632
582: 663
583: 685,498
584: 578,554,494,348
585: 
586: 
587: 
588: 612
589: 667,641,617
590: 642,537
591: 670
592: 593,566,487,695
593: 647,592,675,695,536
594: 595,504,567
595: 594,509,648
596: 649,569,538,568
597: 699,625,676
598: 456,603,628,572,517
599: 701,654
600: 539,543
601: 621,646,676,626
602: 
603: 456,598,427,429,517
604: 629,521,655
605: 632,526,610,636
606: 577,579,682
607: 610,349,437,525,581
608: 526,636,633
609: 703
610: 550,607,581,632,605
611: 
612: 588
613: 639
614: 756
615: 558,534
616: 667
617: 691,537,589,642,641
618: 755,513,672
619: 561,641,691,669,735
620: 445,414
621: 601,623,675,646,481
622: 676,626,625,701,678
623: 675,481,621
624: 538,541,516
625: 597,676,622,721,678
626: 622,601,570
627: 652,655,544,521,574
628: 680,598
629: 604,654,655,546
630: 726,766,700
631: 727,576,706
632: 605,581,610,635
633: 636,660,634,608,685
634: 708,633,660,685
635: 381,494,581,580,632,578
636: 633,660,686,605,608
637: 498
638: 
639: 474,613,666
640: 668
641: 561,619,589,617,691
642: 756,617,590
643: 534,503,531
644: 694
645: 690,718,513
646: 481,542,601,621,673
647: 593,675,562,696,536
648: 649,569,595
649: 648,569,509,596
650: 719,696,672,674
651: 698,699,789
652: 627,655,679
653: 722,676
654: 599,629,702
655: 652,627,604,629,521
656: 486,482,680,572
657: 682,548,549
658: 782
659: 518,437,577,550,434
660: 636,633,686,634
661: 729,727,684
662: 687
663: 582
664: 
665: 753
666: 474,639
667: 589,616
668: 716,640
669: 566,561,619
670: 591
671: 737,715,718
672: 562,696,650,618
673: 543,539,646,542
674: 722,739,696,650
675: 593,647,623,621
676: 622,653,601,597,625
677: 789,702,765
678: 721,622,625,701,744
679: 723,546,652,705
680: 656,486,514,628
681: 743,747,730,793
682: 548,729,657,606,709
683: 704,702,743
684: 729,661
685: 583,633,634,708
686: 434,709,636,660
687: 662
688: 
689: 
690: 645,537,695
691: 617,537,619,641,735
692: 774,797,770
693: 
694: 716,644
695: 735,566,690,593,592,536
696: 562,672,647,650,722,674
697: 699
698: 651,742
699: 597,651,697,721
700: 707,726,630
701: 744,599,622,678
702: 683,744,677,654
703: 609,708,731
704: 683,762,730
705: 549,728,679,747
706: 793,631
707: 700,726,784
708: 634,703,685
709: 434,686,682
710: 784
711: 748,750
712: 736
713: 
714: 734
715: 718,671
716: 668,734,694
717: 770
718: 513,715,645,671
719: 755,650,797,738
720: 775,738,757
721: 678,699,625,789
722: 739,674,696,653
723: 728,679,546
724: 760,742,779
725: 763
726: 630,707,700
727: 631,576,548,661
728: 723,747,705
729: 682,548,684,661
730: 762,704,681,743
731: 748,703
732: 
733: 754
734: 714,716
735: 695,619,691,537,566
736: 712,754
737: 671,770
738: 719,720
739: 722,674
740: 786
741: 781,761
742: 698,760,724
743: 681,747,683,730
744: 701,678,702
745: 758
746: 763
747: 681,743,728,705
748: 731,711
749: 799
750: 711
751: 767
752: 
753: 665
754: 733,736
755: 618,719,797
756: 614,642
757: 720
758: 745,777
759: 
760: 777,724,742,761
761: 760,777,741
762: 730,704
763: 780,746,725
764: 
765: 677
766: 630
767: 769,751
768: 782
769: 767
770: 737,717,774,692
771: 785
772: 773
773: 776,772
774: 797,692,770,775
775: 720,774,797
776: 773
777: 760,758,761
778: 799
779: 724
780: 763
781: 741,790
782: 768,658
783: 799
784: 710,707
785: 771
786: 740
787: 
788: 
789: 651,677,721
790: 781
791: 
792: 
793: 706,681
794: 795
795: 794
796: 801
797: 774,692,755,719,775
798: 
799: 778,783,749