0: 
1: 
2: 
3: 
4: 
5: 
6: 48
7: 
8: 36
9: 10,11
10: 9
11: 9
12: 
13: 120
14: 
15: 
16: 
17: 73,103
18: 22,55
19: 
20: 118,138,166,68
21: 91,32
22: 18
23: 60,116,225
24: 100,76
25: 44
26: 
27: 
28: 64
29: 
30: 
31: 88
32: 91,21
33: 
34: 133,46
35: 94
36: 74,8
37: 
38: 
39: 57
40: 
41: 59,121
42: 80,58
43: 61
44: 25
45: 62,125,128,81
46: 34
47: 67
48: 71,52,133,6
49: 213,109,142
50: 113
51: 53,70,95
52: 71,48,67
53: 51,143
54: 
55: 18
56: 96,165
57: 39,150
58: 42
59: 41,228
60: 93,76,23,116
61: 43
62: 45,125
63: 
64: 28
65: 87,108
66: 
67: 133,47,52
68: 72,20,224
69: 
70: 88,244,95,51
71: 52,48
72: 191,165,166,68
73: 17,116,122
74: 36,94
75: 79
76: 60,24,124
77: 178,255,229
78: 225
79: 75
80: 42
81: 45
82: 317,131
83: 
84: 
85: 
86: 295,325
87: 108,65
88: 70,95,31
89: 
90: 115,218,217,191,247
91: 21,32
92: 169,119,171,98
93: 60,103
94: 35,74
95: 88,70,161,51
96: 117,56,253,140
97: 170,122,119,123
98: 171,92
99: 229,121,172
100: 24
101: 174,146
102: 205,341,198
103: 17,93
104: 237
105: 154
106: 175
107: 
108: 87,65
109: 111,270,49
110: 211
111: 109,270,241,134,389
112: 
113: 50
114: 
115: 189,218,90,162,217
116: 73,60,23
117: 96,192,253
118: 20,138,333,304,222
119: 169,92,97
120: 13
121: 41,99
122: 97,170,73
123: 194,97
124: 76
125: 45,62,177
126: 150,316,207,230
127: 346,173,259
128: 45
129: 
130: 294
131: 155,82,231
132: 
133: 34,67,48
134: 241,111
135: 186
136: 
137: 184,299,416,387
138: 20,118,333,248
139: 302
140: 253,143,96
141: 186
142: 213,49
143: 53,140
144: 251,193,145
145: 249,144,251
146: 101,174
147: 148,196,252,195
148: 147,193,248,246
149: 226,201,374
150: 126,172,57,207
151: 181
152: 261,176,233
153: 207
154: 105
155: 261,131
156: 
157: 188,210
158: 240,272
159: 416
160: 331
161: 95
162: 244,115,217
163: 189
164: 327
165: 72,217,56
166: 223,191,72,20
167: 364,218,247,276
168: 342,227,196,195
169: 92,119,171,251
170: 97,122
171: 98,169,92
172: 150,229,99
173: 259,127,176
174: 101,146
175: 106
176: 372,320,173,152
177: 125
178: 255,77,285,203,286
179: 262,321
180: 200,261
181: 151
182: 
183: 
184: 137,273,387
185: 
186: 141,135
187: 295
188: 157,212,296
189: 115,218,163
190: 334,335,328
191: 247,72,90,166
192: 117,224
193: 248,144,148
194: 341,123,252,249
195: 490,147,196,342,168
196: 147,395,246,195,168
197: 369,484,368,281
198: 228,102,255
199: 250,312,280,254
200: 180,286
201: 315,343,313,226,149
202: 205,257
203: 316,286,178
204: 287
205: 202,102,341,490
206: 
207: 153,126,150,230
208: 292
209: 290
210: 157,212
211: 110
212: 267,210,188
213: 49,142
214: 
215: 510,332,418
216: 361,364,223,276
217: 162,115,90,165
218: 189,115,90,167,247
219: 278,391,307,336
220: 361,307,304,222,336
221: 
222: 304,223,220,118
223: 166,276,216,222
224: 192,68
225: 78,23
226: 257,315,201,149
227: 168,371
228: 198,59
229: 99,77,172
230: 126,316,207
231: 131
232: 400,344,372
233: 260,152
234: 470
235: 290
236: 
237: 294,104
238: 384
239: 245
240: 158
241: 134,111,389
242: 
243: 301,334,390,477
244: 70,162
245: 239
246: 395,248,148,196
247: 191,218,90,167,276
248: 193,138,148,246
249: 145,194,252
250: 199,279
251: 144,169,145
252: 194,249,147,490
253: 140,117,96
254: 395,366,280,199
255: 178,77,198,285
256: 319,465,345
257: 226,202
258: 285
259: 173,346,127
260: 233
261: 152,180,155
262: 179
263: 321,436,351
264: 
265: 
800: 
267: 212
268: 
269: 353
270: 111,109,389,327
271: 385,325,416
272: 158
273: 326,415,184
274: 
275: 365,477,393
276: 223,364,167,247,216
277: 624,306,450,449,426
278: 219,337,423
279: 369,484,250
280: 366,254,199,312
281: 197,484,338
282: 367,338,575
283: 314,431,284,373,311
284: 338,431,283,373,457
285: 258,178,255,286
286: 203,316,178,285,200
287: 204
288: 409
289: 551,547,463
290: 209,235
291: 403,400,376
292: 208
293: 410
294: 130,237
295: 86,187
296: 188
297: 
298: 
299: 137,416
300: 478,387,328
301: 243,305
302: 390,139,364
303: 475,447,533,563
304: 333,222,308,336,220,118
305: 332,359,301
306: 277,624,450,538,483
307: 220,336,219,391
308: 333,304,336,366
309: 541,511
310: 656,367,545,455
311: 373,370,314,283
312: 199,280
313: 343,201,460
314: 283,343,311
315: 343,201,371,226
316: 203,286,126,230
317: 82,380
318: 466,499,407,439
319: 465,256,436,404,435
320: 372,176,345,405
321: 263,179
322: 
323: 
324: 
325: 385,86,271
326: 273,415,529
327: 270,164
328: 300,334,190
329: 418,332,448,479,451
330: 560,507,358
331: 160,335
332: 305,359,215,329,418
333: 304,308,118,138
334: 190,328,243,390
335: 190,331
336: 304,308,220,307,219
337: 419,423,363,278,391
338: 284,281,282,431
801: 779
340: 423,369
341: 194,490,102,205
342: 168,195
343: 315,201,313,314
344: 399,232,374,432
345: 405,320,256
346: 127,259
347: 496
348: 
349: 402,544,517
350: 
351: 263
352: 408
353: 355,357,269
354: 443,476
355: 353,442
356: 442
357: 353
358: 507,330,414
359: 305,332,448
360: 390,365
361: 220,216
362: 646,569,567,596,539
363: 393,394,391,419,337
364: 167,302,276,216
365: 275,360
366: 308,280,254
367: 310,282,430,545
368: 430,511,197
369: 197,279,340
370: 311,428,461
371: 227,315
372: 320,176,400,232,405
373: 311,428,284,283,457
374: 432,149,344
375: 522,464,463,396
376: 405,400,291,379
377: 492,463
378: 
379: 376,465
380: 317
381: 547,519,433
382: 
383: 500
384: 476,238
385: 325,271
386: 
387: 300,478,137,184
388: 471,639,503
389: 241,111,270
390: 302,360,334,243
391: 219,307,393,363,337
392: 538,530,479,450
393: 363,275,391
394: 426,420,363,419
395: 254,246,196
396: 375,464,403
397: 489,488,429,552
398: 406,571
399: 400,344,432,571
400: 399,232,372,405,376,291
401: 573,459,493,520
402: 606,602,349,493,491
403: 291,396
404: 319
405: 345,376,400,372,320
406: 461,515,398,551
407: 468,554,439,318
408: 352
409: 288
410: 293
411: 
412: 559,594
413: 474,588
414: 358,473,475
415: 529,326,273
416: 271,159,137,299
417: 445,444,643,503,421
418: 329,422,215,510,332
419: 452,337,423,363,394
420: 394,449,426,424,446
421: 501,417,445
422: 418,505,649
423: 452,419,337,278,340
424: 448,446,420
425: 545,455
426: 394,449,420,277
427: 456,598,489
428: 373,370,603
429: 575,397,603
430: 368,545,367
431: 484,284,338,283
432: 374,460,399,344
433: 493,491,381
434: 579,634,581,660
435: 319,465,436
436: 319,435,263
437: 491,602,607
438: 468
439: 580,407,554,318
440: 
441: 555,497
442: 356,355
443: 354,557
444: 417,445,473
445: 417,444,563,421
446: 451,424,449,420
447: 475,303,533
448: 424,359,329,451
449: 426,420,446,277,450
450: 277,306,392,449
451: 446,479,329,448
452: 419,423,511
453: 485,624,516
454: 508,535,593
455: 425,545,486,458,310,656
456: 427,486,656,512
457: 284,373
458: 486,455,535
459: 573,401,603,515
460: 313,432
461: 406,515,370
462: 655,517
463: 375,289,377
464: 375,522,396
465: 319,256,379,435
466: 318,499,553
467: 553
468: 438,407,554
469: 580,578,526
470: 234
471: 388
472: 
473: 475,414,444
474: 413,588
475: 473,303,414,447
476: 384,354
477: 243,275
478: 300,387
479: 451,329,649,392
480: 616,487,645
481: 591,622
482: 600,543,514
483: 596,516,538,306
484: 197,279,281,431
485: 453,624,541
486: 458,455,656,456,512
487: 531,480,619
488: 489,397,628,604,552
489: 488,397,427,604
490: 195,341,252,205
491: 493,602,402,433,437
492: 377,632,527
493: 491,520,401,402,433
494: 660,637,750
495: 
496: 347,524
497: 555,441
498: 582
499: 466,318
500: 383
501: 421
502: 557,613
503: 643,388,639,417
504: 509,530
505: 533,422,649
506: 567,619,509,531,648
507: 529,358,330
508: 454,621,543
509: 504,530,531,506
510: 533,215,418
511: 368,452,309
512: 486,456
513: 671,618,737
514: 604,482,600
515: 461,406,573,459
516: 596,483,539,453
517: 544,462,349
518: 729,657,549
519: 381,632,523
520: 493,401
521: 577,606,602,659
522: 375,464
523: 632,519,525
524: 496
525: 610,607,523
526: 580,469
527: 492
528: 
529: 507,415,326
530: 649,509,504,392
531: 487,509,506
532: 616,620,667
533: 510,447,303,505
534: 691,558
535: 454,593,564,458
536: 645,623
537: 562,618,672
538: 392,648,306,483
539: 596,516,646,362
540: 595,619,669
541: 309,485
542: 675,669,646,569,601
543: 508,744,482
544: 517,572,628,349
545: 425,455,430,310,367
546: 629,683,705
547: 381,573,289
548: 729,654,627
549: 681,729,518,679
550: 663,605
551: 289,406
552: 488,397
553: 467,466
554: 468,407,439
555: 441,497
556: 664
557: 613,443,502
558: 534,668,756
559: 412
560: 330
561: 695,645
562: 537
563: 565,303,445
564: 593,535
565: 563
566: 595,623
567: 506,648,569,362
568: 673,570,599
569: 646,362,567,542,669
570: 621,744,622,568
571: 398,399
572: 544,628,680
573: 459,401,515,547
574: 655,680
575: 429,282
576: 706,726
577: 607,521,659
578: 580,469,686
579: 634,434,610,581
580: 578,469,526,439
581: 608,610,579,434
582: 498
583: 636
584: 638
585: 
586: 
587: 716
588: 639,615,474,413
589: 670,695,671,737
590: 642,614,737
591: 735,675,481
592: 735,597,676
593: 564,454,535
594: 667,412
595: 540,623,566,669
596: 483,516,539,362
597: 735,592
598: 427,604
599: 600,673,568,701
600: 599,482,514
601: 646,542
602: 606,402,491,437,521
603: 429,428,459
604: 628,514,598,489,488
605: 663,550
606: 602,402,682,521
607: 577,437,610,525
608: 581,686
609: 
610: 525,607,579,581
611: 
612: 666
613: 557,502
614: 670,617,590
615: 639,588
616: 532,480
617: 756,614
618: 690,513,537
619: 506,487,540
620: 532,641,667
621: 744,570,508
622: 481,570
623: 595,536,566
624: 277,306,485,453
625: 626,677
626: 625
627: 793,654,728,548
628: 604,488,544,572
629: 683,789,702,546,705
630: 700,799,769
631: 761,725
632: 523,519,492
633: 
634: 579,434,709,684
635: 663
636: 686,637,583
637: 750,494,636
638: 584
639: 588,615,388,503
640: 
641: 643,620
642: 590,774
643: 641,503,417
644: 692
645: 536,561,480
646: 569,362,539,542,601
647: 721
648: 538,567,506
649: 530,505,422,479
650: 770,712
651: 721,742
652: 655
653: 
654: 728,705,548,627
655: 574,462,652,680
656: 310,455,486,456
657: 682,729,518
658: 783,700
659: 709,682,521,577
660: 494,434
661: 782
662: 
663: 550,605,635
664: 556
665: 
666: 612,693
667: 594,532,620
668: 558
669: 675,542,595,540,569
670: 589,614,756,695
671: 690,513,589,737
672: 537,722
673: 568,698,599,701
674: 697
675: 542,669,591
676: 592
677: 625
678: 741
679: 703,549
680: 655,574,572
681: 549,684
682: 657,606,659
683: 629,701,789,546
684: 681,634
685: 748
686: 636,608,578
687: 
688: 
689: 
690: 671,618
691: 534
692: 797,644
693: 666
694: 733
695: 561,670,589
696: 738
697: 674,722
698: 673,701,789
699: 747,704
700: 630,658,769
701: 683,789,599,673,698
702: 704,629,789,705,723
703: 706,679
704: 702,699,789,743
705: 654,723,629,702,546
706: 703,576
707: 782
708: 710
709: 659,634
710: 708,784
711: 727
712: 650
713: 
714: 
715: 785
716: 587
717: 724
718: 
719: 755,722
720: 776,781
721: 647,651
722: 697,719,672
723: 705,702
724: 717,739,765
725: 631,761,762
726: 576
727: 711
728: 654,761,627
729: 548,518,657,549
730: 
731: 
732: 
733: 694
734: 
735: 592,591,597
736: 
737: 589,590,671,513
738: 740,770,696
739: 724
740: 738,758
741: 678,781
742: 651
743: 765,747,704
744: 621,570,543
745: 781
746: 791,792
747: 765,699,743
748: 685
749: 769
750: 637,494
751: 
752: 
753: 
754: 786
755: 719
756: 617,558,670
757: 
758: 775,740,776
759: 
760: 775
761: 631,725,728
762: 725,763
763: 799,779,780,762
764: 
765: 747,724,743
766: 799
767: 
768: 784
769: 630,700,749
770: 650,738
771: 
772: 798
773: 780,777
774: 642
775: 758,760
776: 758,720
777: 773,780
778: 
779: 763,799,780,801
780: 773,777,763,779
781: 745,720,741
782: 661,707
783: 658
784: 768,710
785: 715
786: 754
787: 
788: 
789: 629,701,683,698,704,702
790: 791
791: 746,790,792
792: 791,746
793: 627
794: 
795: 
796: 
797: 692
798: 772
799: 763,779,630,766