0: 
1: 
2: 
3: 
4: 
5: 114
6: 9,10,37
7: 24,9,22
8: 9,10
9: 6,10,8,37,7
10: 9,6,8
11: 23,74
12: 
13: 
14: 77,78,124
15: 47
16: 
17: 37
18: 73,75
19: 
20: 93,171,91,96,92
21: 71,48
22: 35,7,24,53
23: 74,120,53,11
24: 7,22
25: 128,85
26: 
27: 
28: 
29: 
30: 65
31: 162,109,88
32: 66
33: 
34: 
35: 22,38,53
36: 94
37: 17,9,6
38: 53,35,120
39: 99,100,62
40: 74,101
41: 59,120,76
42: 61,60,43
43: 60,61,42
44: 
45: 104
46: 
47: 15
48: 71,21
49: 89,70,138
50: 161,89
51: 52,143,96
52: 70,51,143
53: 38,22,35,23,120
54: 112
55: 70
56: 116,194,93,75
57: 172,146,77,78,99
58: 
59: 41,174,76
60: 103,43,42
61: 42,43
62: 153,39,150,175
63: 80,128
64: 
65: 30,133
66: 32
67: 186,109
68: 140,72,115,143,91,92
69: 88,142,95,138,165
70: 55,49,138,52
71: 21,48
72: 141,115,140,95,165,68
73: 117,18,75
74: 23,11,40,101
75: 79,73,18,116,56
76: 174,98,41,59
77: 14,78,174,57
78: 77,14,57,124,99
79: 75,116,121,98
80: 63
81: 85
82: 105,175
83: 379,154,209
84: 
85: 25,128,81
86: 110,183
87: 
88: 69,31,89
89: 49,50,88
90: 191,246,276
91: 143,96,68,20,92
92: 192,221,91,68,20,171
93: 20,171,96,117,56
94: 36
95: 140,138,165,69,72
96: 143,91,51,117,93,20
97: 226,122,145,253,251,123,225
98: 174,76,79,121,119
99: 78,57,124,39
100: 39
101: 74,40
102: 178,205
103: 60,124
104: 106,45
105: 82,207,180,152
106: 104,151
107: 130
108: 
109: 31,162,67,211
110: 185,86,111
111: 185,110,136
112: 54,161
113: 216,162
114: 5
115: 72,68,118
116: 194,121,56,79,75
117: 73,96,93
118: 166,115,191
119: 123,146,122,121,98
120: 41,23,38,53
121: 116,194,122,79,98,119
122: 194,121,253,119,97
123: 119,146,97,226,173
124: 14,78,103,99
125: 127,172,205,150
126: 201,177,230,176,256
127: 125,150
128: 25,85,63
129: 
130: 107
131: 262,209,208,236
132: 242
133: 65,136
134: 216
135: 189,159,163
136: 160,111,133
137: 190,213,159,245
138: 95,49,69,70
139: 244,247
140: 95,72,143,68
141: 72,247,142,165,167
142: 163,69,165,141
143: 91,96,140,52,51,68
144: 145,251,148,170,254
145: 253,224,251,144,148,97
146: 119,123,57
147: 197,341,279,198,283
148: 192,221,170,145,144
149: 372,317,258,315,316
150: 127,125,62,153
151: 106,155,181
152: 105,180
153: 62,150,230
154: 204,231,83
155: 151,262
156: 182
157: 295
158: 267
159: 135,216,137
160: 136,186
161: 50,112
162: 31,109,113,189
163: 247,142,189,135
164: 272
165: 95,69,142,141,72
166: 118,192,248
167: 191,247,244,141
168: 337,278,338,309,280
169: 219,223,250,222,337
170: 192,148,144,199,254
171: 93,20,221,92,194,224
172: 57,205,125
173: 205,123,226
174: 76,98,59,77
175: 82,62
176: 207,230,126,261,256
177: 285,126,203
178: 205,200,102
179: 435,259,233,288
180: 207,204,105,152
181: 294,151
182: 156
183: 240,86
184: 386,416,270,326
185: 110,111
186: 67,160
187: 
188: 272,242
189: 135,162,163
190: 137,217,245
191: 167,90,118
192: 221,148,92,166,170,248
193: 308,249,219
194: 116,122,121,56,171,253,224
195: 219,223,199
196: 338,223,199,337
197: 227,341,279,147,252
198: 225,251,254,279,147
199: 254,170,195,223,196
200: 228,178,202,257
201: 285,126,317,256
202: 203,200,315,257
203: 202,315,285,177
204: 207,180,261,231,154
205: 173,178,172,102,125
206: 237,380
207: 176,204,180,105,261
208: 287,290,131
209: 131,262,83,379,290
210: 
211: 109
212: 269,214
213: 327,137,245,215
214: 212
215: 389,245,327,213
216: 134,113,159
217: 245,190,243,218
218: 220,217,243,331
219: 223,169,193,308,195
220: 218,276,302
221: 192,148,92,171,224
222: 250,395,308,365,169
223: 219,169,195,199,196,337
224: 145,253,171,221,194
225: 198,229,251,97,226
226: 97,123,229,225,173
227: 197,341,252,371,280,284
228: 200,229
229: 225,226,228
230: 153,126,176
231: 261,235,204,154
232: 320,291,317,260
233: 179,287,290,407
234: 378,380,382
235: 231,320,291
236: 131,380
237: 206
238: 296
239: 386
240: 183
241: 242
242: 241,132,188
243: 274,389,217,218,331
244: 139,247,167,276
245: 217,215,213,137,190
246: 276,302,90,304
247: 163,244,139,141,167
248: 249,166,192
249: 193,248
250: 395,222,278,169,337
251: 145,144,254,97,198,225
252: 338,227,197,279
253: 145,224,194,122,97
254: 199,170,251,144,198
255: 286,283,257
256: 261,201,126,176
257: 315,200,255,202
258: 149,372,315,316,342
259: 435,260,179
260: 319,259,232,320
261: 231,256,207,176,204
262: 131,209,155
263: 352
264: 265,322
265: 264
800: 796
267: 158
268: 295,385,325
269: 212,295
270: 327,271,184,273,326
271: 270
272: 188,164
273: 326,270,389
274: 243,300,389,328
275: 305,304,361,302
276: 246,302,244,220,90
277: 333,334,306,364
278: 250,395,168,337
279: 197,147,252,198
280: 371,340,168,309,227
281: 423,368,426
282: 457,429,310,396,490,430
283: 255,286,341,147
284: 371,227,341,286,373
285: 201,177,203,315
286: 255,283,284,373
287: 208,233,407
288: 435,179
289: 381,347
290: 208,379,233,209
291: 232,320,235
292: 438
293: 382
294: 181
295: 268,269,157
296: 238
297: 
298: 355,357,529
299: 
300: 326,274,301,328
301: 330,328,300,303
302: 246,276,220,361,275,304
303: 358,301,330
304: 275,246,302,308
305: 275,390,335,333
306: 365,333,277
307: 424,366
308: 193,304,365,219,222
309: 423,168,340,280,367
310: 457,282,368,396,367
311: 460,398,431,459,374
312: 396,367,371,340
313: 373,370,343,314
314: 400,342,373,313,343,346
315: 316,257,202,203,285,149,258
316: 315,342,149,258
317: 149,372,201,232
318: 321
319: 260,345,404
320: 232,291,235,260
321: 318
322: 411,264
323: 
324: 
325: 268
326: 273,300,416,184,270
327: 270,213,215
328: 301,300,274,332
329: 360,419
330: 301,359,303,358,448
331: 390,332,361,243,218
332: 331,390,328
333: 335,334,305,306,277
334: 335,333,451,277
335: 333,334,390,360,305
336: 362,393
337: 168,223,169,250,278,196,338
338: 252,196,168,337
801: 741,761
340: 371,280,309,312
341: 227,197,147,284,283
342: 400,314,316,258
343: 370,313,314,346
344: 432,463,465,376,436,522
345: 405,319,404
346: 374,403,343,400,314
347: 289,381,438
348: 524,580,527
349: 522,377,552,523
350: 411
351: 408
352: 263
353: 355,357,386,416
354: 415,529,413
355: 298,357,529,353,414
356: 
357: 298,355,353
358: 387,303,330,448
359: 330,448,419
360: 329,477,335
361: 331,390,302,275
362: 393,336,391,451,363
363: 508,394,422,362
364: 365,277,395
365: 306,364,308,222
366: 424,307,425,426
367: 396,312,368,309,310
368: 281,367,310
369: 454,484,457,545
370: 431,343,313
371: 340,280,284,227,312
372: 149,317,258
373: 313,284,286,314
374: 346,403,460,311
375: 404,435
376: 405,465,344,436,404
377: 522,349,409,523,496
378: 234
379: 83,209,290
380: 234,236,206,382
381: 464,289,347,468
382: 293,234,380
383: 
384: 
385: 268
386: 416,184,239,353
387: 358,418,448,530
388: 444,560,473
389: 215,273,274,243
390: 331,332,361,305,335
391: 451,362
392: 452,455,394,511
393: 362,336,451
394: 508,363,511,392
395: 250,222,278,364
396: 367,312,282,310,490
397: 489,484,456,482,427
398: 460,399,515,311,459
399: 460,398,515,492,432,463
400: 314,342,346
401: 402,547,519,491
402: 401,492,547,493
403: 374,346,465
404: 375,345,405,376,319
405: 465,376,345,404
406: 523,496,466
407: 233,287
408: 351
409: 522,377,436
410: 411
411: 322,410,350
412: 557,471
413: 502,354
414: 355,415,529,476
415: 354,414
416: 386,184,353,326
417: 445
418: 387,530
419: 446,359,329
420: 422,509,449
421: 507,530,478
422: 420,569,508,363,541
423: 309,281,424
424: 366,307,423
425: 426,366,455
426: 425,366,281,454
427: 458,575,545,397,456,572
428: 458,575,429,488,461,544
429: 457,282,428,458,488,430
430: 459,488,429,282,490
431: 370,490,459,311
432: 344,463,399,492,433
433: 552,551,492,493,432
434: 437,525,549,579
435: 259,375,179,288
436: 376,344,522,409
437: 434,551
438: 292,347
439: 441
440: 
441: 584,439,497
442: 
443: 502,471
444: 388,473
445: 560,503,417
446: 419,477,478
447: 475,532,506
448: 387,358,330,359
449: 478,420,509
450: 565,483,510,509,538
451: 391,334,362,393
452: 392,455,453,489
453: 485,481,452
454: 369,426,455,484
455: 452,392,425,454,489,484
456: 482,397,427,572
457: 429,282,310,369,545
458: 428,427,575,545,429
459: 430,431,490,398,311
460: 399,398,515,311,374,463
461: 519,544,428,488
462: 518,577,521,517,549
463: 344,432,460,399,465
464: 381,496
465: 405,376,403,344,463
466: 580,406,554
467: 
468: 381,469
469: 468,553
470: 
471: 412,443
472: 
473: 388,444
474: 588,615
475: 532,447,503,505
476: 414
477: 446,360
478: 510,449,421,446
479: 507,506,510,565
480: 563,648,561,504
481: 541,487,453
482: 456,485,489,397
483: 450,563,538,567
484: 489,397,455,369,454,545
485: 453,516,482
486: 514,598,542,622,599
487: 481,596,568,512
488: 430,429,428,461
489: 397,484,452,455,482
490: 431,396,282,459,430
491: 603,401,518
492: 402,547,493,399,515,432,433
493: 402,492,433,551
494: 554,579,635
495: 553,524,582
496: 377,523,406,464
497: 441
498: 637
499: 556
500: 557,585
501: 615,666
502: 443,413
503: 445,560,475
504: 620,533,480,561
505: 643,475,532,533
506: 532,447,507,479,533,565
507: 421,479,506
508: 363,394,511,422,541
509: 420,510,449,450,538,569
510: 478,479,565,450,509
511: 508,394,541,392
512: 570,542,487,516,598
513: 537,650,594,592,536
514: 598,486,573,546
515: 460,399,398,492,547
516: 485,512,598
517: 521,520,574,462,518
518: 462,577,491,517
519: 461,544,401,547
520: 521,517,602,574,657
521: 520,517,462,606,549
522: 377,349,409,344,436
523: 406,377,349,496
524: 348,582,527,553,495
525: 549,434,550,579,632
526: 582,581,578
527: 582,580,581,348,524
528: 
529: 354,298,355,414
530: 387,418,421
531: 667,641,589,690
532: 475,447,505,506,533
533: 504,620,532,505,641,506
534: 613,587
535: 567,540,593,596,566
536: 646,513,650,595
537: 513,619,669,591,592
538: 569,540,483,450,509
539: 543,673,624,570,597
540: 538,535,596
541: 481,422,508,511
542: 570,512,622,598,486
543: 539,649,675,623,597
544: 461,519,428,575
545: 458,427,369,484,457
546: 604,514,573
547: 402,401,492,519,515
548: 576,657,606
549: 525,462,521,434
550: 659,606,525,632
551: 433,552,493,437
552: 433,551,349
553: 495,524,469
554: 494,466
555: 584
556: 584,499
557: 412,500,585,588
558: 612,615,613
559: 590,691,589,667
560: 445,503,388
561: 480,648,504,620,562
562: 592,561
563: 480,648,483,567
564: 648,567,593
565: 450,479,506,510
566: 596,568,624,535,621,673
567: 535,483,563,564
568: 596,566,624,487,570
569: 538,422,509
570: 542,512,568,624,539,622
571: 572,573
572: 571,456,427,575
573: 571,514,546
574: 602,603,520,517
575: 428,458,427,572,544
576: 657,631,683,548
577: 462,518
578: 526
579: 632,635,434,525,494
580: 466,348,527
581: 526,527
582: 526,527,524,495
583: 685
584: 441,555,556
585: 500,557,666
586: 
587: 667,534,616
588: 474,557
589: 559,590,667,531,669
590: 559,691,589,670
591: 669,670,671,537,619
592: 562,594,537,513
593: 621,564,535
594: 592,513,595
595: 649,594,536
596: 568,566,540,535,487
597: 543,539,601
598: 514,486,542,512,516
599: 626,486
600: 656,604
601: 675,696,597,651
602: 574,705,628,520
603: 491,627,574
604: 546,627,600,656,628
605: 634,659
606: 521,657,550,548
607: 686,608
608: 607,660
609: 633,634,661,610,636
610: 663,634,609,636
611: 688
612: 558,639
613: 534,558
614: 668,691
615: 501,474,558
616: 643,641,587
617: 642,691
618: 645,650,718
619: 537,591,671
620: 504,533,641,690,561
621: 593,649,566,673
622: 570,542,486
623: 675,674,649,646,543
624: 568,566,539,673,570
625: 680,653,626,701
626: 599,653,625
627: 604,603
628: 705,604,656,602
629: 743,654,680,676,702
630: 730,707,706,728,727
631: 728,683,727,576,682
632: 579,635,525,550
633: 609,684,708,661
634: 605,659,684,609,610
635: 579,632,494,686
636: 685,609,610
637: 498
638: 
639: 689,612
640: 665
641: 616,531,620,533
642: 617
643: 505,616
644: 735,694
645: 618,756,695
646: 536,649,623,674
647: 672,719
648: 563,480,564,561
649: 595,621,646,543,623
650: 513,618,536
651: 601,701
652: 679,723,683
653: 626,625
654: 629,676,679
655: 679,743,681,700,744
656: 600,604,723,628
657: 576,520,606,548
658: 726,730,703
659: 550,684,605,634
660: 663,686,608
661: 731,710,609,633
662: 
663: 660,610,686
664: 688
665: 668,640
666: 585,501
667: 531,587,559,589
668: 665,614
669: 591,589,537
670: 671,590,591
671: 670,715,591,619
672: 647,718,738,719,739
673: 539,621,566,624
674: 675,623,646,719,696
675: 623,674,543,696,601
676: 629,654
677: 704,763,698,724,762
678: 702,724,762,743,744
679: 652,655,743,654
680: 625,701,629,702
681: 700,655,707,706
682: 684,709,631
683: 728,631,723,652,576
684: 682,659,634,633
685: 636,583
686: 607,635,663,660
687: 750
688: 611,664
689: 639
690: 531,620
691: 559,590,614,617
692: 694,733
693: 
694: 692,736,735,644
695: 737,756,645,718
696: 719,675,674,601
697: 699,758,720,789
698: 789,763,677
699: 697,721
700: 681,744,655,747,707
701: 720,651,625,680,702
702: 678,762,680,701,629,743
703: 658
704: 763,677,724,765
705: 723,628,602
706: 630,707,681,728,727
707: 730,630,706,681,700,725
708: 729,633,731
709: 682,727,726
710: 767,731,661,748
711: 
712: 
713: 
714: 
715: 671
716: 
717: 755,736,737
718: 672,618,695
719: 739,696,647,672,674
720: 701,697,789
721: 739,722,699
722: 757,721,760
723: 705,656,652,683
724: 678,762,704,677,744,747,765
725: 730,707
726: 658,729,727,730,709
727: 728,631,630,706,709,726
728: 631,683,727,630,706
729: 726,708,731
730: 630,707,725,658,726
731: 767,661,710,708,729
732: 752
733: 770,692
734: 
735: 644,694,736
736: 694,735,717
737: 756,695,755,717
738: 672
739: 719,721,672
740: 
741: 801,742
742: 741,761,796
743: 629,678,702,679,655,744
744: 700,743,678,724,655,747
745: 778,761
746: 
747: 765,724,700,744
748: 767,710,750
749: 783
750: 748,687
751: 783
752: 732
753: 
754: 772,786
755: 717,737
756: 737,695,645
757: 722,774,773,759
758: 760,697,789
759: 779,797,757,774,760
760: 758,722,759,779
761: 801,742,745
762: 678,702,724,677
763: 704,677,698
764: 
765: 747,793,724,704
766: 
767: 731,710,748
768: 
769: 
770: 733,772
771: 
772: 754,776,770
773: 774,775,757
774: 773,757,759,797
775: 773
776: 772,777
777: 776
778: 745
779: 759,760
780: 782
781: 
782: 799,780
783: 749,751
784: 
785: 786,798
786: 785,754
787: 
788: 
789: 698,697,758,720
790: 796
791: 795
792: 
793: 765
794: 
795: 791
796: 800,742,790
797: 759,774
798: 785
799: 782