0: 
1: 
2: 
3: 
4: 
5: 
6: 
7: 
8: 11
9: 11,38
10: 
11: 9,36,8
12: 
13: 40,43
14: 63,64,44
15: 110
16: 33
17: 221,253
18: 22,55
19: 
20: 193,166,247,304,192
21: 91
22: 79,18
23: 73
24: 128,146,174
25: 85,44
26: 
27: 61
28: 
29: 87
30: 
31: 
32: 38
33: 16
34: 95
35: 80,94
36: 11
37: 
38: 32,9
39: 150,121,78,62
40: 13,42
41: 78
42: 43,40
43: 42,13
44: 14,175,25
45: 174,81
46: 161,52,47
47: 141,46,161,52
48: 89
49: 134,186,109
50: 142,69
51: 162,253,251
52: 46,47
53: 143
54: 
55: 103,18,100
56: 72,213,115
57: 126,121,317
58: 
59: 116,73
60: 146
61: 27
62: 78,39,150
63: 14
64: 14
65: 185
66: 
67: 
68: 224,138,117,192,75
69: 50
70: 
71: 96,95
72: 165,56,115,90
73: 23,59
74: 101,94,76
75: 117,251,68
76: 94,101,74
77: 341,229
78: 41,62,39
79: 22,91
80: 35
81: 45,174
82: 204,287
83: 204
84: 
85: 175,25
86: 158
87: 29
88: 217,186,135
89: 48
90: 115,166,72,192
91: 21,221,79
92: 249,169,122,171
93: 
94: 76,35,74
95: 34,71
96: 71,162,143
97: 171,249,228,123,170
98: 122,140
99: 178,225,229
100: 55
101: 74,76
102: 490,258,346
103: 55,119
104: 209
105: 380
106: 154
107: 
108: 
109: 270,134,49,186
110: 15
111: 389,159,331
112: 133
113: 241
114: 
115: 166,90,247,72,56
116: 170,59,341
117: 251,192,75,68
118: 218,361,167,364,163
119: 103,124
120: 
121: 39,150,57,317
122: 140,98,92
123: 170,97,145
124: 119
125: 150,154
126: 57,207
127: 257,180,346,232,259
128: 24
129: 
130: 380
131: 233,155
132: 385,271
133: 112
134: 49,159,109,270
135: 142,88
136: 212,158
137: 415
138: 224,68
139: 167,327,190,390
140: 122,98
141: 47
142: 50,135
143: 221,253,96,53
144: 147,148
145: 252,123,198
146: 24,60
147: 248,144,246,196,366
148: 144,252
149: 343,371,226
150: 39,121,62,125
151: 156
152: 286,285,200
153: 
154: 106,125
155: 230,131
156: 151
157: 274
158: 86,136,187
159: 134,389,111,327
160: 335,385
161: 46,47
162: 244,96,51
163: 189,361,118
164: 361,247
165: 72,244
166: 115,90,247,192,20
167: 364,139,270,118
168: 195,371,395,194,226
169: 92,228
170: 123,97,228,116
171: 97,224,92,249
172: 
173: 399,400,345
174: 45,24,81
175: 85,44
176: 261,260,404
177: 317
178: 99,229
179: 409,436
180: 346,127
181: 182
182: 181
183: 
184: 298
185: 65
186: 88,49,109
187: 158
188: 
189: 163,213,361
190: 416,331,327,139,334
191: 302,223,276
192: 166,90,117,20,193,68
193: 333,20,192,248
194: 168,195
195: 168,395,194
196: 252,147,366
197: 575,279,282
198: 145
199: 368,250
200: 286,152
201: 571,315,374
202: 342,226,490,346
203: 255,258
204: 82,83
205: 341,255,258
206: 350
207: 316,126
208: 408
209: 237,104
210: 
211: 
212: 136
213: 189,217,56
214: 
215: 273,387,475,326,303
216: 451,393
217: 88,213
218: 223,361,118,364,302
219: 391,365,419,220,337
220: 278,391,219
221: 143,253,91,17
222: 276,307,304
223: 218,191,276
224: 138,68,171
225: 99
226: 202,168,149
227: 254,371,283
228: 249,169,97,170
229: 255,77,99,178
230: 155
231: 233
232: 285,127,259
233: 131,231
234: 352
235: 321
236: 
237: 209
238: 384,274,386
239: 245,295
240: 
241: 113
242: 
243: 275
244: 162,165
245: 295,239
246: 333,336,248,147
247: 115,166,164,20
248: 147,333,193,246
249: 92,171,97,228
250: 511,199,368
251: 117,51,75
252: 196,148,145
253: 143,221,51,17
254: 280,227,312
255: 203,229,205,258
256: 320,262
257: 127,344,259,400
258: 205,102,203,255
259: 257,127,232,400
260: 404,176,320,262
261: 176,345
262: 260,256
263: 351
264: 495
265: 
800: 790,745,788
267: 
268: 
269: 353
270: 109,134,327,167
271: 299,132
272: 
273: 215,387,326
274: 157,238,386
275: 305,243,359
276: 222,307,223,191
277: 446,450,420,392
278: 220,336,308
279: 575,197,431
280: 254,312,369
281: 367,282
282: 427,281,575,197,484
283: 343,227,284
284: 431,283,343,314
285: 232,286,152
286: 285,200,152
287: 82
288: 496,527,379,409,435
289: 515,401
290: 
291: 379,522,376
292: 
293: 410
294: 
295: 245,239
296: 
297: 415,386
298: 184
299: 416,271,300
300: 299,478
301: 334,360
302: 191,364,390,360,218
303: 475,215,510,445
304: 222,20
305: 275,332,418
306: 509,530,538
307: 276,222,391
308: 312,278
309: 365,424,426,337
310: 455,656,338
311: 373,313
312: 308,280,254
313: 314,311,461
314: 313,343,284,315
315: 314,374,432,201
316: 207
317: 177,121,57
318: 348
319: 321
320: 376,256,260
321: 319,235
322: 
323: 
324: 500,353
325: 
326: 475,273,215
327: 331,159,190,270,139
328: 478,334
329: 418,447,510,477
330: 443
331: 327,111,416,190
332: 418,447,387,478,305
333: 193,248,246
334: 390,190,328,301
335: 160,389
336: 278,246
337: 363,423,219,365,309
338: 656,454,310,456
801: 766
340: 452,369,363,423
341: 205,116,77
342: 202,346
343: 149,283,284,314
344: 374,432,257,399,400
345: 372,173,261
346: 180,102,202,342,127
347: 435,464,351,438
348: 318
349: 544,429,552,517
350: 206
351: 467,438,347,263
352: 234
353: 269,324,355
354: 
355: 353
356: 
357: 
358: 529
359: 275,477,448
360: 390,301,302
361: 218,118,189,163,164
362: 567,506,539
363: 423,337,340
364: 167,390,218,118,302
365: 424,393,419,219,337,309
366: 147,196
367: 455,281
368: 199,452,369,511,250
369: 340,452,280,368
370: 515,461,571
371: 168,395,227,149
372: 345
373: 428,311,575,603
374: 344,432,315,201
375: 460,405
376: 320,379,436,291
377: 396,433,547,523
378: 
379: 436,522,291,376,288,409
380: 130,105
381: 437,519,610
382: 
383: 557
384: 238
385: 132,160
386: 415,297,274,238
387: 273,215,478,332,447
388: 414,444
389: 111,335,159
390: 334,360,364,139,302
391: 219,307,220
392: 596,516,277,538,420,394
393: 365,424,419,216,451
394: 426,420,392,425
395: 168,195,371
396: 377,406,403
397: 488,489,514
398: 460,571
399: 400,344,173,460
400: 399,257,344,173,259
401: 491,515,289,573
402: 607,610,519
403: 551,406,396
404: 260,176
405: 375
406: 463,403,551,396
407: 524,526,554,438
408: 208,467
409: 179,379,436,288,435
410: 293
411: 
412: 693
413: 474
414: 388
415: 386,297,137
416: 299,331,190
417: 531,421,504
418: 332,447,305,477,329
419: 365,393,219
420: 426,394,277,446,424,392
421: 417,531,616
422: 533,565,445
423: 363,337,340,452,430
424: 365,393,426,420,309
425: 426,394,449
426: 420,394,424,425,309
427: 282,656,484,457
428: 373,459,515,461
429: 544,349,488,552
430: 545,423,453,452
431: 284,279
432: 374,344,315
433: 573,437,547,377
434: 634,581
435: 347,464,288,409
436: 379,376,409,179
437: 381,519,547,493,433,573
438: 351,347,554,407
439: 635,580,663
440: 
441: 
442: 
443: 330,502,613
444: 588,388
445: 510,303,422
446: 277,451,450,420
447: 332,418,387,510,329
448: 477,359
449: 624,516,425
450: 277,446,479,530,538
451: 446,216,393
452: 340,369,423,430,368
453: 430
454: 338,456
455: 541,310,485,367
456: 512,338,454
457: 427
458: 485,486
459: 603,428,515
460: 375,398,399
461: 370,313,428
462: 652,521,599,606
463: 406,551
464: 347,435,527,492
465: 
466: 
467: 351,408
468: 
469: 
470: 
471: 
472: 
473: 594,563
474: 413
475: 326,303,215
476: 
477: 418,448,329,359
478: 328,300,387,332
479: 649,505,450,530
480: 620,503,641
481: 674,591,653
482: 598,601,543,535
483: 506,516,486
484: 520,427,282,575
485: 458,541,486,455
486: 539,483,624,485,458
487: 619,695,536,569,648
488: 397,429
489: 514,600,512,397
490: 102,202
491: 401,493,573
492: 527,464
493: 517,491,437,519
494: 609,608,685
495: 264,555
496: 527,288,522
497: 556,555
498: 660,750,636
499: 
500: 324
501: 643,594,641
502: 443
503: 620,643,480
504: 649,509,565,417
505: 649,479,565
506: 483,596,516,362
507: 560
508: 593,570
509: 649,504,530,306
510: 445,303,447,329
511: 250,368
512: 535,456,489,600
513: 645,618,566
514: 489,600,397
515: 370,289,428,459,401
516: 596,392,506,483,449
517: 493,349,519
518: 682,709
519: 437,381,493,517,402
520: 484,603
521: 462,606,607
522: 379,291,496
523: 525,547,377
524: 407,526
525: 523
526: 407,524
527: 496,288,492,464
528: 
529: 358
530: 538,649,509,479,450,306
531: 417,421,616
532: 668,620,667
533: 422,565,563
534: 668,558,691
535: 512,543,482
536: 540,671,695,487,569
537: 597,672
538: 530,450,306,596,392
539: 486,362
540: 536,671,566
541: 624,455,485
542: 646,567,648,622
543: 601,570,535,482
544: 429,349,628
545: 430
546: 657,655,683
547: 437,433,377,523
548: 657,655,723,679,627
549: 679,652
550: 580,605
551: 403,463,406
552: 603,429,349
553: 
554: 438,407
555: 497,495
556: 497
557: 383
558: 534
559: 667
560: 507
561: 691
562: 623
563: 473,533
564: 
565: 422,533,649,504,505
566: 540,513
567: 362,542,648
568: 744,674
569: 595,648,536,487
570: 601,543,508,593,744
571: 201,370,398
572: 628,680,599,606
573: 433,491,401,437
574: 629,705
575: 197,279,282,484,373
576: 681,706,727,658
577: 581,579,659,686
578: 663,583
579: 659,577,686
580: 550,605,439,663
581: 577,434,685
582: 637
583: 578
584: 
585: 
586: 
587: 
588: 639,444
589: 642,774,797
590: 718,614
591: 674,481,669
592: 676,673
593: 653,622,508,570
594: 473,501
595: 569,648
596: 516,392,538,506
597: 537,697
598: 482,701,621
599: 572,606,462
600: 489,514,512,604
601: 543,570,744,482
602: 606,628
603: 459,552,520,373
604: 701,600
605: 632,550,580
606: 602,572,599,462,521
607: 610,402,521
608: 685,686,494
609: 494,634
610: 607,402,381
611: 
612: 
613: 443
614: 737,590
615: 693,666
616: 695,421,531
617: 737,690,670,691
618: 513,623
619: 487
620: 667,503,532,480
621: 704,598,625
622: 646,542,653,593
623: 562,618,719
624: 541,449,486
625: 699,626,704,621
626: 673,739,699,625
627: 703,729,548,728
628: 572,544,602
629: 574,701,698
630: 761,725,799,779
631: 702
632: 605
633: 
634: 434,685,609,684
635: 439
636: 660,498
637: 638,582
638: 637
639: 588,643
640: 756
641: 501,480
642: 736,589,797
643: 501,639,503
644: 694,692
645: 513,670,671
646: 542,622
647: 
648: 595,569,487,567,542
649: 504,505,509,479,565,530
650: 651,677
651: 677,650,678
652: 462,549,682
653: 593,622,481
654: 762,799,793,725
655: 546,657,548
656: 338,310,427
657: 546,655,548,705,723
658: 576
659: 579,577
660: 636,498
661: 710
662: 687
663: 578,580,439
664: 
665: 
666: 615
667: 620,559,532
668: 534,532
669: 735,675,591
670: 691,617,690,645
671: 536,540,645
672: 719,537,696
673: 626,592
674: 591,481,568
675: 669,735
676: 697,592
677: 651,650
678: 651,721
679: 549,548,729
680: 683,572
681: 706,576,703,783
682: 518,652,709
683: 680,546
684: 634,748
685: 608,581,634,494
686: 579,577,608
687: 662
688: 
689: 
690: 617,670
691: 561,670,534,617
692: 644,771
693: 412,615
694: 644,736
695: 616,536,487
696: 712,672
697: 597,676
698: 704,701,629
699: 765,625,626,704,747
700: 749,779,769
701: 598,698,604,629
702: 789,705,765,631
703: 627,793,681
704: 698,621,699,625
705: 789,702,574,657
706: 681,576,727
707: 726
708: 784,782
709: 518,682
710: 661
711: 
712: 696
713: 
714: 
715: 754
716: 
717: 739,777,741
718: 590,774,719
719: 718,623,672
720: 773
721: 792,678
722: 
723: 728,657,548
724: 792,763,780,766
725: 761,630,654,762,799
726: 731,707
727: 748,706,576
728: 723,627
729: 627,679
730: 
731: 726,767
732: 
733: 
734: 
735: 669,675
736: 642,694
737: 617,614
738: 770
739: 717,626,747
740: 
741: 717,777
742: 
743: 777,747,765
744: 568,601,570
745: 796,788,800
746: 781
747: 743,777,739,699,765
748: 727,684
749: 700
750: 498
751: 
752: 
753: 
754: 715
755: 797
756: 640
757: 
758: 
759: 
760: 775
761: 725,630,779
762: 654,799,725
763: 724
764: 
765: 699,743,747,789,702
766: 801,724
767: 731
768: 
769: 700
770: 738
771: 692
772: 
773: 720,796
774: 718,589,797
775: 776,760
776: 775
777: 743,747,717,741
778: 
779: 761,630,700
780: 799,724
781: 746
782: 708
783: 681
784: 708
785: 
786: 
787: 
788: 745,800
789: 702,705,765
790: 800,791
791: 790
792: 721,724
793: 654,703
794: 
795: 
796: 773,745
797: 755,642,589,774
798: 
799: 780,654,762,725,630