0: 
1: 
2: 
3: 
4: 
5: 51,32
6: 18,21
7: 19
8: 
9: 19,24
10: 74,23,53
11: 24,58
12: 
13: 
14: 103,27
15: 30,114
16: 
17: 34
18: 6,73,20
19: 9,7
20: 55,18,73
21: 6,37
22: 53
23: 40,53,10
24: 9,40,11
25: 42
26: 42,27,43
27: 14,26,42
28: 44
29: 
30: 15,112
31: 161,46,49,114
32: 66,5
33: 37
34: 17
35: 74
36: 38,56,74,79,76
37: 21,33
38: 36,56,94,74,96
39: 59,60
40: 23,24
41: 99,78,124
42: 26,25,27
43: 64,26,103,61
44: 28
45: 128,80,63
46: 161,31,67,160
47: 112,65
48: 54,70,50,69
49: 161,31,89,88
50: 114,51,54,48
51: 5,50
52: 71,73,91,75,55
53: 23,22,10
54: 48,70,50,71
55: 94,20,52,95
56: 38,36,96,97
57: 78,77,97,146,121,99,123
58: 11
59: 39,101
60: 39,81
61: 43
62: 82
63: 64,45,85
64: 43,63,103,80
65: 87,47
66: 32
67: 113,109,46,160
68: 139,141,72,166
69: 139,48
70: 54,48,71,91
71: 52,73,54,70,91
72: 143,91,75,68,115,166
73: 71,52,18,20
74: 10,35,38,36,76
75: 72,143,91,52,95
76: 79,74,36,101
77: 57,78,97
78: 57,77,98,99,41
79: 76,98,36,101
80: 45,128,64
81: 60,100
82: 62,152
83: 180,209,207,151
84: 106
85: 63
86: 133
87: 65
88: 140,138,49,89
89: 162,160,137,161,49,88
90: 141,165,191,142
91: 72,75,70,71,52
92: 118,115,166,221,145,93
93: 119,143,115,92,117
94: 55,95,38,96
95: 117,75,94,55
96: 116,94,38,56
97: 120,56,57,77,121
98: 79,78
99: 125,41,57,78,123
100: 150,81,128
101: 79,76,59
102: 150,124,125
103: 14,64,43
104: 105,106
105: 106,104
106: 84,105,104
107: 294
108: 183,158
109: 136,187,113,67,160
110: 157,111,132
111: 110,183,133
112: 47,30
113: 67,109
114: 50,15,31
115: 166,92,72,143,93
116: 96,120,117,119
117: 95,93,116
118: 166,142,92,192,221
119: 93,116,122,171
120: 116,97,122
121: 146,198,97,122,225,57
122: 225,171,119,120,121
123: 173,174,57,146,172,99
124: 102,125,41
125: 99,174,102,124
126: 175,203,177
127: 178,176,152,205
128: 45,80,100
129: 
130: 
131: 206,181,155
132: 110,157
133: 185,111,86
134: 242,185,186
135: 216,159,211,162,137
136: 109,187,186,159
137: 162,89,135,138,189
138: 88,140,165,137,189,163
139: 69,68
140: 88,138,165
141: 90,68,166,142
142: 118,166,141,90,191,192
143: 72,75,115,93
144: 222,223,195,170
145: 92,194,224,171
146: 198,121,172,57,226,123
147: 229,202,283,200,149,228
148: 254,226,251,253,197,255,283
149: 200,285,286,147
150: 102,100,178
151: 207,152,83
152: 82,127,207,151
153: 204,205,207,209,233
154: 262,290,206
155: 181,180,235,131
156: 182,181
157: 110,132
158: 183,108
159: 136,187,186,211,135
160: 162,89,67,109,187,161,46
161: 46,49,31,160,89
162: 160,89,137,187,135
163: 190,189,138,165,247
164: 190,216,188,218,274
165: 140,138,163,90
166: 118,115,142,92,68,141,72
167: 217,276,220,219,248,193
168: 222,248,195,308,250
169: 251,199,170,223,196
170: 194,224,144,223,199,169
171: 122,225,145,119,224,199
172: 146,226,173,123,229
173: 123,174,172,229,202
174: 173,123,125,175
175: 126,174,202,203
176: 177,127,204
177: 201,203,126,176
178: 127,150
179: 260,287,291,321,318
180: 83,209,235,155
181: 155,131,156
182: 156
183: 108,158,111
184: 241,240,327,268
185: 133,134,186
186: 136,159,185,134
187: 136,109,159,162,160
188: 213,216,164,274
189: 190,163,137,216,138
190: 189,163,164,216,218,247
191: 220,90,142,192,219
192: 249,221,219,191,118,142,248
193: 248,308,167,276,304
194: 170,224,249,221,145
195: 248,308,249,222,168,144
196: 252,197,223,169
197: 196,251,148,255
198: 146,121,225,253,226
199: 251,169,253,170,224,225,171
200: 285,149,283,284,147
201: 203,177,228,257
202: 147,229,173,175,228
203: 201,177,228,126,175
204: 153,231,176,205
205: 207,127,204,153
206: 131,154,236
207: 205,151,152,153,83,209
208: 233,291,318,290
209: 83,180,235,207,153,233
210: 238,239
211: 271,159,135
212: 239,295,296,385
213: 188,271,300,215
214: 238,295,267
215: 271,213
216: 135,188,190,189,164
217: 167,276,245,218,244,246
218: 245,274,190,164,217
219: 192,191,220,167,248
220: 247,191,167,219
221: 192,249,118,92,194
222: 168,144,279,223,195,250
223: 222,144,279,170,169,196
224: 194,170,145,171,199
225: 122,171,199,253,198,121
226: 254,148,146,198,172,229
227: 284,280,312,313
228: 201,203,147,202
229: 147,202,172,254,226,173
230: 232,256,231
231: 232,230,204,261
232: 258,230,256,231,261
233: 208,153,291,209,235
234: 263,264
235: 180,209,233,155
236: 206,262
237: 
238: 214,210
239: 212,210,240
240: 241,184,239,242
241: 184,240,242,327
242: 134,241,240
243: 301,389,300,273
244: 302,245,217,246
245: 218,274,273,302,244,217
246: 275,244,217,276,304
247: 220,190,163
248: 193,195,308,167,192,249,219,168
249: 192,221,248,195,194
250: 278,307,222,168,279
251: 199,169,253,197,148
252: 196,337
253: 251,199,225,198,148
254: 226,148,283,229
255: 283,197,148
256: 258,232,230,315,257,316
257: 315,201,256
258: 232,256,316,344,320
259: 379,287,378
260: 179,287,261,291
261: 231,232,260
262: 154,236
263: 322,234,292
264: 234,380
265: 
800: 798
267: 214
268: 327,357,296,184
269: 353,298,355
270: 272,299,300,328,301
271: 211,215,213
272: 270,327,299,300
273: 243,389,245,274,302
274: 245,218,188,273,164
275: 361,246,335,276,304
276: 217,167,275,246,193,304
277: 333,366,307,306,365,395
278: 309,250,365,307
279: 222,223,309,250
280: 337,338,227,312
281: 370,340,282,338,310
282: 281,340,338,312,311
283: 255,254,148,147,200
284: 227,313,200,285
285: 200,149,286,284,313,343
286: 285,149,343,315,372
287: 179,260,320,259
288: 344,319,375,289
289: 377,349,375,379,288
290: 318,208,154
291: 179,260,233,208,318
292: 408,350,322,263,382
293: 
294: 107
295: 214,212,385
296: 385,212,268
297: 385
298: 353,269
299: 327,357,270,272,326
300: 270,272,213,243
301: 243,270,328
302: 332,330,244,273,389,245
303: 359,419,358,330
304: 306,276,275,246,335,193,308
305: 363,362,360,331,336
306: 307,304,335,308,333,277
307: 306,308,277,278,250,365
308: 248,193,195,307,306,304,168
309: 278,279,337,367
310: 367,396,338,281
311: 312,313,340,282,341,371
312: 311,313,280,338,227,282
313: 312,311,227,284,285,341
314: 343,341,431,371,373
315: 257,286,372,316,256
316: 372,342,315,258,256,345
317: 376,319,346,345
318: 321,290,291,179,208
319: 376,317,375,344,288
320: 287,258,344
321: 318,179,378
322: 263,292,408
323: 411,441,410
324: 
325: 383
326: 328,299,414
327: 357,268,299,241,184,272
328: 326,270,301,356
329: 418,387,416,356
330: 302,332,389,358,303
331: 390,359,360,305
332: 302,330,361
333: 334,366,277,335,390,306
334: 333,366,390,336,392
335: 361,275,390,306,304,333
336: 390,363,305,334,392
337: 280,309,252
338: 280,310,312,281,282
801: 793,745,780
340: 370,281,282,311,399,371
341: 343,314,311,313,371
342: 372,316,373,374,345
343: 341,314,285,286,372
344: 258,319,320,288
345: 342,316,317
346: 374,404,376,317,403
347: 378,379,435
348: 406,436,407,468
349: 289,377,522,435,407
350: 409,292,382
351: 382,381,439,411,441
352: 382,380,411
353: 298,355,269
354: 384
355: 413,353,269
356: 328,329
357: 327,268,299
358: 330,303,419
359: 303,419,360,449,331
360: 449,509,359,331,362,305
361: 275,335,332,390
362: 363,305,360,509,391,451
363: 362,305,336,451,392,422
364: 395,454,365,367,396
365: 278,307,366,277,395,364
366: 333,334,277,365,395,424
367: 310,309,364
368: 426,370,398,397
369: 426,455,427,456,397
370: 281,340,368,398
371: 399,431,311,340,341,314
372: 342,316,286,343,315
373: 342,314,431,374
374: 346,400,342,373
375: 376,319,405,288,289,377
376: 319,317,375,346,403,405
377: 289,349,375,405,522
378: 347,259,321
379: 259,289,347,435
380: 264,352
381: 439,351,469
382: 352,351,292,350
383: 325
384: 413,354
385: 296,295,297,212
386: 445,529,444
387: 416,444,476,418,329
388: 529,414,416
389: 243,273,302,330
390: 331,336,361,335,333,334
391: 508,451,538,362
392: 422,423,336,363,334,424
393: 452,482,422,423,485,394
394: 484,485,511,482,393,512
395: 364,454,366,277,365,424
396: 310,364,454,425,426
397: 398,430,369,368
398: 397,430,368,370,457
399: 431,371,340,490
400: 374,431,490,432,404
401: 492,462,402,493
402: 432,429,459,401,462,460
403: 463,405,460,346,376
404: 432,346,400,460
405: 403,376,375,377,522,433
406: 348,495,468,524
407: 435,349,348,409,408
408: 409,292,407,322
409: 408,350,407,468
410: 441,323
411: 323,352,351,441
412: 443,502
413: 355,384,415
414: 388,326,416
415: 413
416: 387,414,388,329
417: 445,505
418: 479,477,329,387,476,446
419: 303,359,358,449
420: 450,538,479,448,421,509
421: 449,509,479,477,420
422: 392,363,451,452,393
423: 392,393,424,485
424: 366,392,423,395,454
425: 455,454,396,426
426: 369,368,425,455,396
427: 456,428,369,489,458
428: 427,456,516,458
429: 490,461,459,402,432
430: 398,397,489,457,488
431: 399,371,314,373,400
432: 402,404,490,429,400
433: 465,522,405,437
434: 464,493,549,463,552
435: 407,379,349,347
436: 348,465,522
437: 552,465,433,496
438: 467
439: 381,351,469,441
440: 
441: 410,351,439,411,323
442: 500,471
443: 472,412
444: 476,386,387
445: 386,501,417
446: 447,478,448,476,418,479,477
447: 446,478,476,530,507
448: 446,478,479,450,420,565
449: 360,421,509,359,419
450: 420,538,565,448,480,510
451: 391,363,362,422,452
452: 482,393,451,422
453: 539,540,511,512,541
454: 395,364,424,425,396
455: 425,485,426,369,456
456: 427,428,455,369
457: 490,461,398,430,488
458: 489,427,428,514,544
459: 518,429,461,402,462
460: 463,403,402,404
461: 429,457,518,459,488
462: 492,401,515,459,402,491
463: 403,460,434
464: 434,549,579,523,552
465: 522,433,437,436
466: 608,581,494,580
467: 524,438,469,470
468: 406,348,409
469: 470,467,381,439
470: 469,467,499,584
471: 442
472: 443
473: 558,503,505,560,531
474: 503,558
475: 505,530,560
476: 444,530,387,418,447,446
477: 418,479,446,421
478: 447,446,448,507,565
479: 418,477,446,448,421,420
480: 506,564,450,565,510
481: 508,483,482,569
482: 452,511,393,481,569,394
483: 567,510,568,481,508,540,569
484: 485,394,512
485: 484,394,423,393,455
486: 512,541,570,487,516,542
487: 516,571,486,572,542
488: 518,545,430,489,461,457
489: 458,427,430,545,488
490: 429,457,399,400,432
491: 520,517,515,492,462
492: 401,462,517,491,493,549
493: 434,549,492,401
494: 525,523,580,466,581
495: 496,406,524,553
496: 495,437,552
497: 584
498: 
499: 527,555,470,584
500: 442
501: 445
502: 412
503: 474,558,473,505
504: 507,533,565,506
505: 475,503,417,473,560
506: 480,564,504,533,563
507: 504,447,478,565
508: 481,391,538,483,510
509: 360,421,449,420,362
510: 483,567,450,538,480,564,508
511: 482,453,394,512
512: 486,541,511,453,484,394
513: 624,596,621,539,543,622
514: 544,573,516,571,458
515: 518,547,462,520,491
516: 487,571,486,428,514
517: 520,521,491,492,606,577
518: 515,459,545,547,488,461
519: 575,544,573,547
520: 517,491,515,603
521: 517,606,577,551
522: 465,433,405,377,349,436
523: 552,464,494,580
524: 467,553,406,495
525: 494,579,578
526: 607,554,581,555,582
527: 555,499,608,553
528: 
529: 388,386
530: 476,475,447
531: 560,666,473,615
532: 560,561
533: 561,504,506,563
534: 614,617,589
535: 592,563,562,567,537
536: 648,562,537,593
537: 566,593,535,562,536
538: 450,420,391,508,510
539: 540,453,513,596,541,570
540: 539,453,569,483,568,596
541: 486,512,539,453,570
542: 572,601,486,570,598,487
543: 570,598,513,622,597
544: 514,573,458,519
545: 518,547,488,489
546: 574,571,572,599,573
547: 515,518,545,519
548: 605,551,632
549: 464,434,493,492,577
550: 605,576,631,657
551: 548,521,577,579
552: 523,437,464,434,496
553: 524,495,527
554: 607,526,578,581
555: 527,499,608,526,556,582
556: 582,555
557: 586,585
558: 666,473,588,503,474
559: 615,641,587
560: 531,532,473,505,475
561: 533,616,532
562: 592,535,537,536
563: 592,535,533,616,506
564: 506,480,567,510
565: 450,478,448,504,507,480
566: 537,593,568,596,621
567: 483,510,568,564,535
568: 483,567,566,540,596
569: 540,481,483,482
570: 598,543,539,486,541,542
571: 487,516,572,514,546
572: 601,599,542,487,571,546
573: 514,544,546,519,575
574: 546,627,628
575: 519,603,573,602
576: 606,705,631,550
577: 579,517,521,549,551
578: 632,525,581,554
579: 577,464,551,525
580: 523,494,466
581: 608,466,494,578,526,554
582: 556,607,526,555
583: 661,610
584: 499,470,497
585: 588,557
586: 557
587: 615,559,640,666
588: 585,558,666
589: 617,669,614,534,667,590
590: 670,667,694,669,589
591: 619,618,645
592: 563,535,616,562
593: 537,566,536,621,650
594: 646,645,647,648,672
595: 623,650,648,672
596: 513,621,568,566,539,540
597: 675,622,625,598,543
598: 570,543,597,601,542
599: 572,601,600,546,627
600: 626,601,599,652
601: 572,599,542,598,600
602: 575,603,705
603: 575,602,520,606
604: 679,630,628,705
605: 548,550,659,657
606: 576,603,517,521
607: 526,554,582
608: 466,581,527,555
609: 663,708,711,688
610: 583,636
611: 662
612: 713
613: 
614: 534,643,690,667,589
615: 559,690,587,666,531
616: 561,592,563
617: 669,589,534,620
618: 591,619,669,670,620
619: 591,618,671,645,695
620: 617,669,618
621: 624,513,596,566,593,650
622: 675,597,624,513,649,623,543
623: 649,650,595,624,622
624: 513,621,623,650,622
625: 651,675,597,626
626: 600,625,676,652
627: 574,599,656,628
628: 627,574,656,604
629: 680,653
630: 679,604,655
631: 683,576,705,550,657
632: 578,548
633: 634,659,657,658
634: 633,659,658,635,685
635: 686,685,634,659,660
636: 610,662
637: 688
638: 
639: 
640: 587
641: 559,690,643
642: 694,691,665
643: 614,641,690,667
644: 716,715,670
645: 646,594,591,619
646: 645,594,647,737,695
647: 646,594,672,718
648: 536,594,595,672
649: 623,673,675,622,674
650: 623,595,593,624,621
651: 675,625,674
652: 654,626,600,676
653: 701,676,629,680
654: 652,656
655: 723,679,630,727
656: 654,627,628,679
657: 633,659,683,631,605,550
658: 684,728,633,634
659: 633,634,657,605,635
660: 635,686
661: 583
662: 636,611,664
663: 609,686,708
664: 662
665: 668,691,642
666: 558,588,615,587,531
667: 694,614,643,589,590
668: 665,753
669: 617,589,590,620,618
670: 590,644,715,618
671: 756,619,695
672: 673,648,594,647,595
673: 672,649,674,719
674: 699,719,649,673,651,675
675: 651,622,597,625,649,674
676: 701,653,626,652
677: 720,721,722
678: 744,761,680,743,700
679: 604,630,656,655
680: 629,701,653,678
681: 706,727,723,726,703
682: 727,683,684
683: 631,682,657
684: 728,658,706,682
685: 635,686,634,731
686: 635,685,660,663
687: 711,732
688: 637,609
689: 
690: 615,641,614,643
691: 665,642
692: 734,716
693: 716,715
694: 667,642,590,715
695: 737,619,671,756,646
696: 738,718,698
697: 738,721
698: 720,721,738,696
699: 674,719,720
700: 743,761,762,678
701: 676,653,722,680
702: 725,726,724,744,723
703: 707,726,681
704: 747,725,707,724
705: 576,602,604,631
706: 681,684,728
707: 725,726,704,703,765
708: 767,609,663
709: 729,749,728,730
710: 751
711: 609,687
712: 733
713: 612
714: 
715: 644,693,694,670
716: 644,693,692,735
717: 757,770,739
718: 738,739,696,647,737
719: 674,699,673
720: 677,698,699
721: 677,698,697
722: 761,677,701,762
723: 655,726,702,727,681
724: 725,702,744,743,747,704
725: 707,726,724,702,704
726: 725,707,702,723,681,703
727: 682,681,723,655
728: 684,658,706,709,729
729: 709,749,728
730: 767,709
731: 685,767
732: 752,687
733: 712,772,785
734: 692
735: 754,716,756
736: 754
737: 695,646,718
738: 718,739,696,698,697
739: 738,718,717
740: 788,775
741: 759
742: 762,778
743: 700,678,744,724
744: 678,743,724,702
745: 763,778,801
746: 747,780,784,781
747: 746,704,724,780
748: 766,783
749: 709,729,766
750: 769
751: 710,769
752: 732
753: 668
754: 755,735,736
755: 754,757,770
756: 671,735,695,770
757: 717,770,755,774
758: 
759: 775,741,797
760: 779
761: 722,762,678,700
762: 742,761,722,700
763: 793,745,790,792
764: 794,782,781
765: 766,707
766: 765,749,748
767: 730,708,731
768: 
769: 750,751
770: 717,757,756,755
771: 785
772: 733,785
773: 775,776,774
774: 757,773
775: 773,759,740,797
776: 787,773
777: 
778: 779,742,745
779: 778,760
780: 794,801,747,746
781: 784,746,794,764
782: 764
783: 748
784: 781,746
785: 771,733,772
786: 787
787: 786,776
788: 740
789: 
790: 763,792
791: 
792: 790,763
793: 763,801,794
794: 780,764,793,781
795: 
796: 
797: 775,759
798: 800
799: 