0: 
1: 
2: 
3: 
4: 
5: 
6: 
7: 
8: 22
9: 38
10: 
11: 22,120
12: 
13: 64,26
14: 103
15: 
16: 
17: 51,221,73,75
18: 36,51
19: 33
20: 96,68,249,192
21: 
22: 11,8,27
23: 37,94,53
24: 27,35
25: 80
26: 13,64
27: 120,35,24,22
28: 
29: 47,133
30: 240
31: 69,88
32: 34
33: 19
34: 32
35: 27,120,24,101
36: 18
37: 23,94
38: 9
39: 128,62,85
40: 74
41: 121,174
42: 124,128
43: 63,61
44: 
45: 105,57,172,126
46: 211
47: 29
48: 66,89,161
49: 165
50: 186,211,134,109
51: 17,18
52: 69,55
53: 94,23
54: 
55: 161,71,52
56: 75
57: 45,105,99,62,85,172
58: 
59: 97,119,77,116,146
60: 100
61: 43,63
62: 99,39,85,57
63: 43,61
64: 13,26
65: 108,185
66: 89,48
67: 
68: 115,118,72,20
69: 52,88,31,71
70: 167,138
71: 161,55,69
72: 138,191,68,140
73: 17
74: 40
75: 79,17,221,56
76: 
77: 116,121,59,150,146
78: 150,146,125,99
79: 75,171
80: 81,25
81: 80,175
82: 105
83: 290,262
84: 
85: 39,62,105,57
86: 
87: 
88: 69,31,162
89: 66,161,48
90: 189,139,142
91: 140,138,95
92: 145,170,253
93: 171,98
94: 53,37,23
95: 221,143,91
96: 20,140,192
97: 59,119,117,98,122
98: 117,93,116,97
99: 62,78,125,57
100: 60,128,175
101: 35
102: 123,200,205
103: 14
104: 294,206
105: 45,57,85,82
106: 
107: 
108: 65
109: 241,134,186,50
110: 111
111: 110,160
112: 
113: 135,327,213
114: 
115: 191,68,189,118,244
116: 77,121,98,59
117: 253,98,145,97,122
118: 166,244,115,68
119: 97,59,225
120: 27,35,11
121: 77,116,41
122: 117,145,97
123: 102,127,172
124: 150,42
125: 78,99
126: 177,172,45,153
127: 177,123,200,201,203
128: 39,42,100
129: 182
130: 182
131: 379,290
132: 187,245,272
133: 29
134: 160,50,109,241
135: 113,186
136: 
137: 273,159
138: 70,91,140,72
139: 216,142,90,276,247,244
140: 91,138,72,96
141: 162
142: 139,216,163,90
143: 95
144: 254,195,251,198
145: 169,92,117,253,122
146: 150,78,77,59
147: 251,226,198,194,255
148: 249,193,219,248
149: 285,202,342,178,316
150: 146,78,124,77
151: 
152: 261,207,233
153: 230,126
154: 
155: 290,261,204
156: 
157: 267,210
158: 210
159: 164,137
160: 134,111
161: 71,55,89,48
162: 165,141,88
163: 213,142
164: 159,327,241
165: 162,49,167
166: 118,247,302,223
167: 70,165,189,191
168: 250,252,199,341,197
169: 145,194,198
170: 92,195
171: 93,79
172: 177,126,123,45,57
173: 257,255,178,229
174: 41
175: 100,81
176: 201,203,345,317
177: 127,172,126,203,230
178: 173,202,285,149
179: 233,320
180: 
181: 
182: 130,129
183: 210,242,188
184: 270,416,328,215
185: 65
186: 50,109,135
187: 245,132
188: 242,210,183
189: 90,167,115,191
190: 217,218,331,216
191: 115,189,167,72
192: 20,96,249,224
193: 249,148,223,219
194: 228,169,147,198
195: 254,144,196,224,170
196: 224,248,254,195
197: 371,283,168,340,252,199
198: 251,147,169,144,194
199: 279,341,168,283,197,286,227
200: 102,229,127
201: 176,203,345,127
202: 286,342,257,178,149
203: 176,201,127,177,230
204: 294,206,155
205: 225,102
206: 294,204,104,237,236
207: 230,152
208: 379,407
209: 321,262,379
210: 158,183,157,188
211: 46,50
212: 239,295
213: 217,327,163,113
214: 269,268
215: 328,274,184,273
216: 139,142,190,331,276
217: 190,213
218: 389,331,190,243
219: 223,193,148,248
220: 302,335,390
221: 95,17,75
222: 395,248,308
223: 219,166,302,193
224: 196,249,192,248,195
225: 205,119,228
226: 147,279,257,255,286
227: 286,342,199,283
228: 194,225
229: 173,200
230: 153,177,203,317,207
231: 294
232: 405,346,372,291
233: 179,259,261,152
234: 287
235: 259,320
236: 206
237: 206
238: 268
239: 296,268,212,385
240: 30
241: 109,327,134,164
242: 188,183
243: 326,274,218,389,334
244: 118,247,139,115
245: 187,132,272
246: 364,307,361,304,308
247: 166,244,139,276,302
248: 222,148,308,219,196,224
249: 193,148,20,192,224
250: 168,395,254
251: 147,198,144,341
252: 340,168,197
253: 117,145,92
254: 195,144,196,250
255: 257,173,147,226
256: 259,260,372
257: 173,255,226,286,202
258: 260,285,346
259: 235,256,233
260: 258,372,345,256
261: 152,233,155,290
262: 209,83,380
263: 352
264: 468,408
265: 322,470
800: 759
267: 157
268: 296,238,239,214
269: 214
270: 271,184
271: 270
272: 245,132
273: 137,215
274: 328,215,389,243
275: 364,424
276: 335,331,139,216,247
277: 391,394,511
278: 423,337,308,307
279: 199,341,226,286
280: 340,423,338
281: 338,309
282: 493,461,571
283: 371,197,431,199,227
284: 490,431,370,373
285: 149,178,258
286: 202,227,226,279,199,257
287: 234,321,352
288: 404,465,292,436,347
289: 522,524,381
290: 83,155,261,131
291: 405,232,344
292: 288,435,347,438
293: 382
294: 204,206,231,104
295: 299,212,385
296: 268,239,385
297: 383
298: 384
299: 295,325,357
300: 448,301,326
301: 303,300
302: 220,361,166,247,223
303: 301,387,416
304: 308,361,246
305: 360,477,390,333
306: 333,451,420,510,449
307: 246,336,278,337
308: 304,246,222,248,278
309: 368,281,484
310: 367,370,312
311: 490,314
312: 430,310,370
313: 346,315,460,343,374
314: 490,311,459,396
315: 313,346,316,343
316: 346,315,342,149
317: 176,230
318: 467,553
319: 320,404,465
320: 235,319,179
321: 209,287
322: 265
323: 
324: 
325: 299
326: 243,300,334
327: 241,164,113,213
328: 215,274,184
329: 478,359,507,565
330: 387,359
331: 218,190,216,276
332: 477,420,448,419
333: 306,305,477,420
334: 360,326,243,335
335: 276,334,220
336: 424,365,307,337,366
337: 423,278,307,336,366,338
338: 281,423,337,280
801: 745,796,792
340: 280,252,371,197,367
341: 279,199,168,251
342: 202,227,149,316
343: 460,396,313,315
344: 403,405,374,291,376,400
345: 176,201,260
346: 313,316,315,258,232
347: 435,464,288,465,292
348: 495
349: 525,437,550,607
350: 
351: 438,408,468
352: 263,287
353: 386,416
354: 383
355: 444
356: 413
357: 299,385
358: 447,476,473,387
359: 329,330,448,419
360: 305,334,390
361: 302,390,304,246
362: 596,483,450
363: 449,510,422,446
364: 246,275
365: 424,393,336,394,426,425,366
366: 425,365,336,337
367: 310,370,340,371,431
368: 452,309,485,455
369: 484,545,430
370: 367,310,312,284,490
371: 283,197,431,340,367
372: 260,232,256
373: 431,284
374: 405,313,460,403,344
375: 522,377,492,406
376: 400,344,492
377: 522,523,433,375
378: 380
379: 131,208,209
380: 262,378
381: 524,523,289,494,580
382: 293
383: 297,354
384: 298
385: 296,239,295,357
386: 353,416
387: 303,476,358,330
388: 445,529,415
389: 218,274,243
390: 360,305,220,361
391: 394,277,451,449,393
392: 541,511,624,485
393: 424,365,451,391,394
394: 391,277,426,365,393
395: 222,250
396: 460,343,399,314,459,398
397: 454,458,455,489
398: 459,399,396
399: 460,396,398,403,432
400: 464,376,344,465
401: 402,515,463
402: 493,401,552,463
403: 344,460,399,374
404: 288,465,436,319
405: 232,374,344,291
406: 463,433,375
407: 208
408: 351,468,264
409: 438,435,524,496
410: 
411: 
412: 414,560
413: 356,474,471
414: 412,613,471,415
415: 529,414,388
416: 353,184,386,303
417: 560,475,501,620
418: 510,478,565,422
419: 448,478,359,332
420: 477,332,510,306,333
421: 530,473
422: 565,479,510,418,363
423: 278,337,280,338
424: 365,393,336,275
425: 366,365,426
426: 394,365,425,452
427: 598,575,517
428: 454,458,545,575
429: 575,488
430: 312,369,545,457
431: 371,283,367,373,284
432: 515,492,399
433: 377,406,525
434: 548,709,606,659
435: 347,292,524,409
436: 288,404
437: 579,349,550
438: 409,351,292
439: 467
440: 
441: 688,611
442: 
443: 
444: 355,529
445: 388,560,475
446: 363,541
447: 476,358,473
448: 300,419,359,332
449: 363,510,306,451,391
450: 540,362,483
451: 306,449,393,391
452: 368,426,511,485
453: 516,482,508,624
454: 397,458,489,428
455: 485,368,482,397
456: 489,512,572
457: 430,488
458: 397,454,545,428
459: 461,314,396,398
460: 343,399,396,313,374,403
461: 459,488,282
462: 577,520,574,657,579,606
463: 406,402,401
464: 400,465,347
465: 288,404,319,464,400,347
466: 554,578,469,584
467: 497,318,439
468: 264,351,408
469: 466,554,494,527,580
470: 265
471: 474,413,414,613
472: 
473: 447,358,421
474: 471,413
475: 560,417,445
476: 447,358,387
477: 420,332,305,333
478: 329,419,418,565
479: 422
480: 561,531,567
481: 568,569,542
482: 516,453,455
483: 596,362,509,450,535
484: 369,309,545
485: 455,392,511,452,368
486: 656,512,539,600,543,514
487: 566,623,648,594,649
488: 571,457,429,461
489: 456,397,454
490: 284,314,370,311
491: 547,552,519,577,551,518
492: 432,515,376,375
493: 402,282,571
494: 635,581,381,580,554,469
495: 348
496: 527,409
497: 467
498: 
499: 637
500: 502
501: 503,417,643,620
502: 500
503: 501
504: 595,564,594
505: 507,533
506: 540,564
507: 505,329
508: 538,624,568,516,453
509: 483,595,564,535
510: 418,420,422,306,449,363
511: 392,277,452,485
512: 539,568,516,456,486
513: 591,645,690,536
514: 570,656,486
515: 432,492,401
516: 482,453,508,568,512
517: 603,427,544
518: 491,577,551
519: 547,491,552,573
520: 577,462,574,603,521,547
521: 604,603,520
522: 377,375,289
523: 377,381,581
524: 381,435,289,409,580
525: 349,433
526: 605,632,635,608
527: 496,580,469
528: 
529: 444,415,388
530: 421,533
531: 480
532: 533,620
533: 532,530,505
534: 643
535: 569,596,483,509
536: 695,513
537: 617,589,691,735
538: 508,624,596
539: 512,542,568,600,486
540: 450,506,564
541: 392,446
542: 539,481,568,600,673
543: 626,600,486,676
544: 604,598,517
545: 458,369,484,430,428
546: 680,655,629,652
547: 491,519,573,603,577,520
548: 709,434,606,705
549: 657,602,679,705
550: 610,659,607,437,349
551: 491,552,518
552: 491,519,402,551
553: 318
554: 466,578,469,494,635
555: 
556: 663,582,637
557: 
558: 615,666,612
559: 587,617
560: 417,475,412,445
561: 641,480,669,691,567
562: 696
563: 
564: 595,504,506,540,509
565: 422,329,478,418
566: 623,487,592,648,593
567: 648,594,561,480,669
568: 481,508,516,512,539,542
569: 649,535,481
570: 514,676,680,654
571: 488,493,282
572: 656,456
573: 603,547,519
574: 520,462,657,602
575: 427,428,429
576: 706,728,700
577: 520,462,547,491,518
578: 466,554,584
579: 437,462,606
580: 527,524,381,494,469
581: 494,635,523,607
582: 608,663,556
583: 708
584: 466,578
585: 
586: 
587: 559,668
588: 
589: 617,537,616,641,691
590: 715,614,670,735
591: 645,513,718,618
592: 648,695,566,593
593: 592,566,623
594: 648,567,504,487
595: 504,564,509
596: 362,483,535,538
597: 675,739,653,699
598: 427,544
599: 701,678,702
600: 626,673,543,539,542,486
601: 675,626
602: 657,549,627,652,574
603: 517,573,521,547,520
604: 544,628,521
605: 526,632,610,686
606: 548,434,462,657,579
607: 550,349,635,581,632
608: 582,526
609: 711,710,708
610: 550,659,605,632,686
611: 441
612: 558
613: 414,471
614: 642,670,590
615: 558,666,667
616: 617,589
617: 537,589,616,559
618: 718,671,715,591
619: 691,735,669,690,695
620: 417,501,532
621: 647,623,646
622: 701
623: 566,487,593,621
624: 538,508,392,453
625: 678,721,701
626: 600,673,543,601,676
627: 652,655,602
628: 604,680
629: 654,546
630: 725,706
631: 727,700,707
632: 526,605,610,607,635
633: 660,686
634: 684,636
635: 494,581,607,526,632,554
636: 634,660,686
637: 499,663,556
638: 688
639: 666
640: 665,668
641: 561,589,691
642: 614
643: 501,534
644: 
645: 591,513,718,672
646: 621,673
647: 675,621,653
648: 592,567,594,566,487
649: 569,487
650: 672,696
651: 697,789,779
652: 627,546,723,602
653: 696,739,647,675,597
654: 629,570
655: 546,680,627
656: 572,486,514
657: 549,602,462,574,606
658: 766,726,784
659: 550,610,434
660: 633,636,685
661: 710,729,727,731
662: 
663: 556,582,637
664: 
665: 640
666: 558,615,639
667: 615
668: 640,587
669: 561,619,691,567,695
670: 614,694,756,590
671: 718,618
672: 755,645,718,650
673: 626,600,646,542
674: 696,739,722
675: 647,597,653,601
676: 570,626,543,701
677: 743,724,704
678: 625,701,599,702
679: 723,549
680: 546,655,570,628
681: 747,743,730
682: 709,684
683: 747,723,744,728
684: 634,709,682
685: 660
686: 633,610,636,605
687: 
688: 441,638
689: 693
690: 695,619,735,513
691: 619,735,537,589,561,641,669
692: 718,774,737
693: 689,753
694: 756,716,670
695: 690,536,669,619,592
696: 674,653,650,562
697: 651,720,722
698: 757,758,779,742
699: 722,597,739
700: 706,576,631,707
701: 599,622,676,625,678
702: 743,599,678,744
703: 
704: 762,724,677,765
705: 549,548
706: 728,700,576,793,630
707: 726,700,631
708: 609,583
709: 548,434,682,684
710: 729,661,609
711: 609
712: 717,770
713: 
714: 
715: 590,618
716: 734,694
717: 712,770
718: 692,671,618,591,645,672
719: 755,797,738
720: 697,738,758
721: 625
722: 699,674,739,697
723: 744,652,683,679
724: 789,677,704,762
725: 630,730,780
726: 784,707,766,658
727: 631,729,661
728: 706,576,793,683
729: 710,661,727
730: 793,681,725
731: 784,661
732: 
733: 736
734: 716
735: 619,691,537,590,690
736: 733,770
737: 774,692,775
738: 773,758,797,719,720
739: 674,653,597,699,722
740: 786
741: 781,761
742: 760,698,779
743: 702,677,747,681
744: 723,702,683
745: 801
746: 761,765,762
747: 793,683,681,743
748: 
749: 
750: 
751: 767
752: 
753: 693
754: 
755: 672,774,797,719
756: 694,670
757: 698,758
758: 773,738,720,698,757
759: 800,776
760: 742,779
761: 746,741
762: 704,724,746,765
763: 780,778
764: 794,795
765: 746,704,762
766: 726,658
767: 768,751
768: 767
769: 
770: 736,712,717
771: 
772: 
773: 738,758,797
774: 797,737,692,755
775: 737
776: 759
777: 
778: 763,799
779: 789,651,698,742,760
780: 763,725
781: 741
782: 783
783: 782
784: 726,658,731
785: 
786: 740
787: 788
788: 787
789: 724,779,651
790: 792
791: 
792: 796,801,790
793: 747,730,706,728
794: 764
795: 764
796: 792,801
797: 774,755,719,773,738
798: 
799: 778