0: 
1: 
2: 
3: 
4: 
5: 47
6: 
7: 
8: 38
9: 11
10: 
11: 9
12: 
13: 
14: 80
15: 67
16: 
17: 143,18,79,73
18: 143,17,94
19: 
20: 191,166
21: 32,38
22: 
23: 121,93,225
24: 40,100,42
25: 
26: 
27: 
28: 
29: 
30: 
31: 88,69
32: 37,21
33: 
34: 133,112
35: 103
36: 221
37: 89,32
38: 8,21
39: 99,125
40: 24,74
41: 92,169,119
42: 24
43: 100
44: 
45: 105
46: 
47: 5
48: 66
49: 162,163,142,189,217
50: 113,211,134
51: 95,55
52: 161,71
53: 221,143,91
54: 
55: 51
56: 96,140
57: 125,105
58: 63,80
59: 97,146,121
60: 
61: 
62: 
63: 80,58
64: 
65: 
66: 48
67: 15
68: 138,96,72,224
69: 31
70: 161
71: 52,161
72: 96,167,191,68
73: 17,79,116
74: 40
75: 98,253
76: 101,77,150
77: 121,76,150
78: 229,97,123,178
79: 98,17,91,73
80: 63,14,58
81: 128,101
82: 177,207
83: 
84: 
85: 105,177,153
86: 159,271,325
87: 
88: 31,142
89: 37
90: 115,217,163,167,247
91: 143,53,79
92: 117,171,170,169,41
93: 23
94: 18
95: 51
96: 56,72,68,253
97: 123,59,122,229,78
98: 75,79,116
99: 39,125
100: 24,43
101: 76,150,81,174
102: 228,257,255,178,285
103: 35
104: 206
105: 45,85,57,177
106: 
107: 
108: 
109: 327
110: 272
111: 132,272,270
112: 34,133
113: 50,132
114: 
115: 217,90,276,247
116: 170,98,73
117: 92,171,169,192
118: 304,148,248
119: 194,145,169,41,122
120: 
121: 23,77,59
122: 119,194,97,229
123: 97,146,229,78
124: 174,150
125: 57,99,39,126
126: 230,125
127: 200,286,261,230
128: 81
129: 
130: 181
131: 233,262,294,317
132: 111,113,213
133: 34,112
134: 50
135: 186
136: 240
137: 270,159
138: 68,191
139: 335,276,302,361
140: 165,56
141: 186,327
142: 88,49,162
143: 17,91,18,53
144: 205,252,147
145: 198,119,194
146: 123,59,150
147: 202,168,196,195,252,144
148: 248,118,304
149: 257,255,342,341,258
150: 77,101,76,146,124,174
151: 182
152: 320
153: 85
154: 204
155: 180,207
156: 
157: 188
158: 
159: 86,137
160: 389
161: 52,70,71
162: 244,49,163,142
163: 244,49,162,217,90
164: 190,389,218,334
165: 140,244
166: 361,276,20
167: 90,247,72
168: 490,147,196,250,227
169: 192,117,92,41,119
170: 116,225,92
171: 253,224,117,92
172: 178,203
173: 346,259,200,176,345
174: 124,101,150
175: 
176: 200,261,173,345
177: 105,85,82
178: 172,203,102,78,285
179: 320
180: 155,207,317
181: 130
182: 151
183: 
184: 358,326,300
185: 
186: 141,135
187: 
188: 157,210,267
189: 49,217
190: 164,331,389,360,334
191: 247,20,72,138
192: 169,249,193,117
193: 248,192,251
194: 198,119,145,122,229,228
195: 196,147
196: 395,195,250,168,147
197: 312,369,340,281
198: 194,145,205,228
199: 250,254,340,395,369
200: 286,127,261,173,176
201: 315,316,346,344
202: 490,147,252,341
203: 172,178,285
204: 154
205: 252,144,198,228,257
206: 237,104
207: 155,180,82
208: 287,351
209: 290,378
210: 188
211: 50
212: 
213: 327,132
214: 239
215: 300,243
216: 276
217: 115,90,189,49,163
218: 164,335,334
219: 220,364,307,223
220: 219,364,302,361
221: 36,53
222: 223,336,278,366,308
223: 222,219
224: 253,171,68
225: 170,23
226: 342,341,490
227: 279,168,431
228: 102,198,194,205,257
229: 78,122,194,97,123
230: 126,127
231: 294
232: 313,315,344,403
233: 262,131,290
234: 265,410,470
235: 321
236: 
237: 206
238: 385
239: 214
240: 136
241: 272,270
242: 
243: 215,331
244: 162,163,165
245: 296
246: 366,308,254,395
247: 191,115,90,276,167
248: 148,118,193
249: 192,251
250: 199,395,196,168,279
251: 193,249
252: 205,144,202,147,341
253: 171,224,96,75
254: 308,246,395,199
255: 257,149,102,285,258
256: 404,436,260,319,291,465
257: 255,149,205,102,228
258: 315,316,255,149,342
259: 173,346,344,405,372
260: 372,291,404,256
261: 200,127,176
262: 233,131
263: 435,409,352,407,468
264: 439,407,408
265: 234,411
800: 796
267: 188,296
268: 
269: 297,442
270: 137,241,111
271: 325,386,416,86
272: 110,241,111
273: 328,274
274: 273
275: 307,390,424,364
276: 139,216,115,247,166
277: 483,394,541
278: 336,307,222
279: 227,250,369,371
280: 308,340,337
281: 423,368,197,484
282: 367,310,457,430,575
283: 371,431,370
284: 310,370,461
285: 102,255,178,203
286: 200,127,316
287: 208
288: 435,379,347,409
289: 377,527,492,375
290: 233,209
291: 319,400,260,372,256
292: 408
293: 350
294: 231,317,131
295: 296,357,299
296: 295,267,245
297: 269
298: 529
299: 295,357,386
300: 326,328,184,215
301: 332,359,305,326
302: 334,139,335,361,220
303: 478
304: 118,148
305: 332,301,477,451
306: 446,448,451,419,420
307: 275,219,364,278
308: 254,280,222,336,246,366
309: 333,452,423,337
310: 282,367,457,284,461
311: 398,571,314
312: 197,338,367
313: 232,460,403
314: 398,311,399,515
315: 201,258,232,344
316: 201,258,286,346
317: 180,294,131
318: 348
319: 291,400,256,465
320: 179,152,404
321: 235,378
322: 382
323: 
324: 
325: 271,86
326: 300,184,301
327: 213,141,109
328: 273,300
329: 418,422,478,510
330: 387,415
331: 190,389,243
332: 301,359,305,418,422,451,448
333: 309,391,337
334: 302,360,218,190,164,335
335: 139,218,302,334
336: 278,222,308
337: 423,333,309,280
338: 484,430,312,367
801: 792,790
340: 280,199,197,369
341: 226,342,252,202,490,149
342: 226,341,149,258
343: 431
344: 346,259,315,201,232,405,403
345: 372,173,176
346: 173,259,344,201,316
347: 288,409
348: 466,318
349: 632,433,573,525
350: 293
351: 208,435,379
352: 263,407
353: 357
354: 443
355: 
356: 
357: 353,295,299
358: 184,476,387
359: 332,301,418,478
360: 334,190,390
361: 166,139,302,220
362: 538,648,540,596
363: 446,392,479
364: 220,219,390,275,307
365: 420,391
366: 246,222,308
367: 282,310,312,338,430
368: 511,452,423,281,484
369: 197,340,199,279,371
370: 284,283,461
371: 283,369,279
372: 260,345,259,291
373: 460
374: 396,399,403,400
375: 492,406,377,289
376: 396,432,400,522
377: 289,433,375
378: 321,209
379: 435,288,351
380: 
381: 525,527
382: 322
383: 443
384: 
385: 416,238
386: 299,271,416
387: 330,358,507
388: 444,414,413
389: 190,164,331,160
390: 424,477,360,364,275
391: 420,365,449,333
392: 649,479,483,363,648
393: 449,425,394
394: 425,393,277,541,426
395: 196,246,254,199,250
396: 374,399,432,400,376
397: 656,489,603
398: 571,311,314,515
399: 374,396,432,314,515
400: 319,291,374,396,376
401: 459,429,428,571,547,493
402: 521,520,488,491
403: 405,313,232,344,374
404: 256,260,320
405: 403,259,344
406: 515,432,375,522
407: 468,263,352,264
408: 292,264
409: 347,263,288,468
410: 234
411: 265
412: 643
413: 557,639,471,444,388
414: 444,417,388,501
415: 560,447,330
416: 385,386,271
417: 444,414,560
418: 329,422,478,332,359
419: 451,424,306,420
420: 365,391,419,306,449
421: 533,475,473,507
422: 329,418,332,448
423: 337,281,309,368
424: 390,419,275
425: 394,393
426: 541,394,452,485
427: 545,489,430,575
428: 457,401,429,571
429: 401,459,457,575,428
430: 338,427,282,367
431: 343,227,283
432: 396,399,406,515,376,522
433: 573,349,377,525
434: 682,634,610,494,660
435: 379,263,288,351
436: 256,465
437: 632,519,491
438: 468,467
439: 264
440: 
441: 555
442: 269
443: 383,354
444: 417,388,414,471,413
445: 473,475,563
446: 306,448,479,363
447: 415
448: 446,306,332,422,451
449: 393,420,391
450: 649,479
451: 419,332,305,306,448
452: 309,426,368,485
453: 624,516,486,512
454: 458,516,486,455
455: 656,454,486,545
456: 604,572,628
457: 282,310,575,428,429
458: 454,485,511
459: 401,429,552,493
460: 373,313
461: 284,310,370
462: 627,652,574
463: 573,551
464: 465
465: 464,319,436,256
466: 348,555
467: 580,438
468: 407,438,263,409
469: 578,554,605,635
470: 234
471: 557,413,444
472: 500
473: 560,445,421,475
474: 753
475: 421,533,473,445
476: 358
477: 305,390
478: 329,418,303,359
479: 450,392,446,363
480: 669,619,617,561
481: 592,653
482: 486,512,598,543
483: 277,392,648
484: 338,281,511,368
485: 458,452,426,511
486: 482,453,454,516,512,455
487: 532
488: 519,493,402
489: 545,427,656,397
490: 202,168,226,341
491: 519,402,521,437
492: 375,522,289,496
493: 547,401,459,488
494: 581,610,434
495: 555
496: 492,524
497: 553
498: 637,688,750
499: 526
500: 472
501: 414,620
502: 613
503: 531,534
504: 505,565
505: 504,565,510,530
506: 567,595,540,509
507: 387,421,533
508: 543,514,600
509: 506
510: 533,565,329,505
511: 368,458,485,484
512: 568,453,486,482
513: 755,591,618,719
514: 543,508,599,572
515: 406,314,398,399,432
516: 454,453,486
517: 552,628,544
518: 602,659
519: 488,491,573,437
520: 402,521
521: 402,520,491,602
522: 492,432,406,376
523: 605,581
524: 496
525: 381,550,433,349,632
526: 578,499
527: 289,381
528: 
529: 298
530: 505,649
531: 620,503,534,532,594
532: 531,594,487
533: 421,475,507,565,510
534: 531,503,667,616,594
535: 570,600,568
536: 562
537: 561,691,590,735,690
538: 362,596
539: 542,621
540: 506,362,564
541: 426,277,394
542: 564,593,539,621
543: 514,508,482,598
544: 574,604,628,517
545: 489,427,656,455
546: 655,629,654,702,705
547: 551,493,401,571
548: 679,549,728,705,631
549: 548,679,706
550: 525,632,607,581
551: 547,463,573
552: 517,603,459
553: 497
554: 469,635,580
555: 466,441,495
556: 582,611
557: 413,471
558: 666,668
559: 642,670,756,641
560: 473,415,417
561: 537,589,480,691
562: 618,536
563: 445,620
564: 542,595,540,593
565: 533,510,504,505
566: 735,690,623,569
567: 595,506
568: 512,535
569: 623,566
570: 535,600,601,673
571: 398,311,428,401,547
572: 456,514,599,680
573: 433,463,551,519,349
574: 544,604,462
575: 427,282,457,429
576: 707,681
577: 657,682,579
578: 469,526
579: 682,634,577,657
580: 554,467
581: 607,610,550,523,494
582: 556,584
583: 637
584: 637,688,582
585: 
586: 
587: 
588: 639
589: 641,617,642,561
590: 691,718,537,645,695
591: 645,695,513
592: 646,481,653
593: 564,542
594: 616,531,534,532
595: 567,506,564
596: 362,538
597: 676,622
598: 656,482,543
599: 514,572,680,744
600: 570,535,508
601: 570,673
602: 521,518
603: 397,628,552
604: 456,628,544,574
605: 523,635,469
606: 652
607: 581,610,632,550
608: 
609: 703,748
610: 607,581,682,434,494
611: 556
612: 
613: 502
614: 
615: 666
616: 594,619,534,667,617
617: 589,616,619,480
618: 562,674,647,513,719
619: 616,617,480
620: 531,501,563
621: 646,542,539
622: 625,597,676,651
623: 569,669,690,566
624: 453
625: 622
626: 677,673,744,701
627: 462,652,655,629
628: 604,456,603,517,544
629: 655,546,683,654,627
630: 766,658
631: 681,705,548
632: 349,437,525,550,607
633: 685,686
634: 682,434,579,660
635: 605,469,554
636: 
637: 583,498,688,584
638: 
639: 413,588
640: 668
641: 589,667,559
642: 559,670,589
643: 412
644: 733,771
645: 695,591,590,735
646: 621,592
647: 618,674,719,722,696
648: 362,392,483
649: 450,392,530
650: 719
651: 722,676,699,622
652: 462,627,606
653: 481,592,675
654: 723,701,702,546,629
655: 728,546,629,627,705
656: 598,397,455,545,489
657: 706,709,577,579
658: 769,766,630
659: 518,682
660: 634,434,684,686
661: 710,748,784,708
662: 
663: 686
664: 
665: 
666: 615,558
667: 534,616,641
668: 640,558
669: 480,623
670: 559,642,756
671: 694,718,672
672: 755,718,671,695
673: 570,601,626
674: 618,647,722,676,675
675: 676,674,653
676: 722,651,675,674,597,622
677: 626,723,701
678: 721,739,699
679: 548,549,728
680: 599,572
681: 631,793,576
682: 634,434,579,659,577,610
683: 744,629
684: 727,660
685: 633
686: 663,633,660
687: 
688: 750,498,637,584
689: 
690: 735,566,537,623
691: 590,561,537
692: 774
693: 
694: 671,718
695: 645,591,590,718,672
696: 739,647,722
697: 742,757,739
698: 765,724,789
699: 651,678,721
700: 726,707
701: 654,723,626,677,744
702: 789,654,723,546,747
703: 609,727,709,729
704: 765
705: 747,655,728,546,548,631
706: 657,709,549,729
707: 576,700
708: 661,748
709: 657,706,729,703
710: 661,784
711: 
712: 
713: 
714: 734
715: 
716: 
717: 738,786
718: 590,694,671,695,672
719: 650,513,618,647
720: 758,760,776
721: 678,699,724
722: 676,651,674,647,696
723: 654,701,677,702,789
724: 765,721,698
725: 763,730
726: 793,700
727: 703,684
728: 655,705,548,679
729: 706,709,703
730: 762,725
731: 767,769
732: 
733: 644
734: 714
735: 690,566,537,645
736: 
737: 
738: 717
739: 696,697,678
740: 773,759
741: 796
742: 697,757,775,760
743: 762,747,793
744: 683,599,626,701
745: 773,796
746: 779,763,799
747: 705,702,743
748: 661,609,708
749: 766
750: 688,498
751: 
752: 
753: 474
754: 
755: 672,513,797
756: 559,670
757: 697,742,775
758: 720,770,760
759: 740
760: 742,775,758,720
761: 780
762: 743,730
763: 725,779,746
764: 
765: 724,698,704
766: 769,630,658,749
767: 731
768: 
769: 766,658,782,731
770: 758
771: 644
772: 798
773: 745,740
774: 797,692
775: 742,757,760
776: 781,720
777: 
778: 
779: 763,746
780: 761,781
781: 776,780
782: 769
783: 799
784: 710,661
785: 
786: 717
787: 
788: 
789: 702,698,723
790: 799,801
791: 
792: 801
793: 726,743,681
794: 
795: 
796: 800,745,741
797: 774,755
798: 772
799: 790,746,783