0: 
1: 
2: 
3: 
4: 
5: 
6: 
7: 
8: 38
9: 
10: 37
11: 27,22
12: 
13: 64
14: 
15: 
16: 
17: 53
18: 
19: 
20: 68,72,118,191,224
21: 36,51
22: 40,11
23: 53,93
24: 
25: 106
26: 
27: 11
28: 
29: 46
30: 185,87
31: 67,69
32: 36,37
33: 
34: 54,112
35: 103,93,76
36: 32,21
37: 32,10,38
38: 37,8
39: 125,62,150,124
40: 22,74
41: 77,76,98,116,97
42: 
43: 63
44: 
45: 57,125,99,175
46: 29,69
47: 
48: 161,66
49: 95,90
50: 134,113
51: 221,89,21
52: 165,70
53: 23,17
54: 34
55: 79,143,73
56: 138,140,79
57: 45,99,203
58: 63
59: 78,225,97,228,119
60: 174,124
61: 64
62: 39,150,146
63: 43,58
64: 13,61
65: 211
66: 48
67: 31
68: 20,72,138,96,224
69: 46,31
70: 165,52,95
71: 161,88
72: 68,20,167,244,191
73: 75,55,79
74: 40,120
75: 73,79,253,171
76: 41,77,93,116,35
77: 41,76,225,97,121
78: 102,59,146,123
79: 55,56,75,73,253
80: 
81: 175,128
82: 105
83: 209,287,208
84: 
85: 126,105
86: 271
87: 30
88: 71
89: 221,51
90: 163,189,49
91: 
92: 253,96,171,170
93: 23,116,35,76
94: 
95: 49,70
96: 253,92,68
97: 122,41,77,225,59
98: 116,171,41
99: 123,125,45,57
100: 128
101: 174,103,150,121
102: 78,229,123
103: 35,174,101
104: 204
105: 175,82,85
106: 25
107: 
108: 
109: 113,241,164
110: 
111: 132,134
112: 34
113: 109,50
114: 
115: 142,247,139
116: 98,93,41,76
117: 170,169,122
118: 166,191,20,224,248
119: 194,228,59,229
120: 74
121: 150,77,225,101
122: 97,117,169,228,145
123: 99,146,78,102
124: 174,60,150,39
125: 39,99,45
126: 85,230,177
127: 285,286
128: 100,81
129: 
130: 
131: 152
132: 241,134,111,272
133: 
134: 132,111,50
135: 186,162
136: 185,240
137: 389,159,274
138: 56,140,167,68
139: 247,115,302
140: 56,138
141: 
142: 163,217,115
143: 221,55
144: 192,193,251,195
145: 194,198,228,169,122
146: 150,78,62,123
147: 252,341,251,194,198,205,257
148: 304,166,395
149: 202,255,257,316,315
150: 121,146,101,124,39,62
151: 182,181
152: 235,260,131
153: 154
154: 153
155: 177,207,317,180
156: 
157: 210
158: 211
159: 137
160: 190
161: 71,48
162: 135,165
163: 90,142,189
164: 241,109,327
165: 52,162,70
166: 118,191,148,361
167: 244,138,72
168: 226,250,196,252,341
169: 192,170,117,122,145
170: 117,92,169,192
171: 98,75,92
172: 
173: 261,201,200,345,176
174: 60,101,103,124
175: 81,105,45
176: 173,261,345,259
177: 155,230,126,207
178: 255,205
179: 436,320,235,260
180: 155
181: 151
182: 151
183: 
184: 274,273,303
185: 136,30,240
186: 135
187: 245
188: 212,267
189: 90,163
190: 160,218
191: 118,166,20,72
192: 169,144,249,193,170
193: 248,249,144,192,195
194: 198,228,145,119,147
195: 251,193,144,196
196: 254,195,252,168
197: 340,367,199,371
198: 194,145,251,147
199: 283,279,371,250,197
200: 173,261,203
201: 173,285,258,345,346
202: 342,149,341,226,257
203: 230,57,200
204: 231,104
205: 255,257,147,178
206: 380
207: 177,155
208: 83
209: 83,321
210: 157
211: 65,158
212: 188
213: 
214: 
215: 274,243
216: 218,334,335
217: 142
218: 216,327,190
219: 336,223,304,222
220: 223,477,364
221: 143,51,89
222: 304,219,246,366
223: 220,304,361,219
224: 249,68,20,118,248
225: 77,97,121,59
226: 168,341,279,202,342
227: 490,342,343
228: 194,145,119,122,59
229: 119,102
230: 203,126,177
231: 204,294
232: 343,315
233: 294
234: 
235: 152,260,179,290
236: 
237: 
238: 384
239: 357
240: 136,185
241: 132,109,164
242: 
243: 326,360,215,331,301
244: 167,247,72
245: 187
246: 395,222,308
247: 139,115,244
248: 193,118,224,395
249: 224,193,192
250: 254,168,199,279
251: 195,144,198,252,147
252: 147,341,251,196,168
253: 92,96,79,75
254: 250,196,280
255: 205,257,178,149,286,316
256: 291,404,260,320
257: 255,205,147,341,202,149
258: 315,285,316,201,346
259: 345,372,176
260: 235,152,256,179,320
261: 173,200,176
262: 
263: 264
264: 438,263
265: 470
800: 792
267: 295,188
268: 
269: 
270: 
271: 86,353,386
272: 132
273: 386,184
274: 215,184,137,389
275: 364,477,390,424
276: 334,335,302
277: 392,363,449,393,541
278: 308,366,337,423
279: 283,199,250,226,342
280: 254,308,340
281: 337,423,309,369,338
282: 457,310,312,370,284
283: 199,279,371,431
284: 311,370,282,373
285: 286,127,258,201
286: 285,127,316,255
287: 290,83
288: 465,464,319,292
289: 524,527,377
290: 287,235
291: 256,404,405,400
292: 351,436,465,288,379
293: 350
294: 231,233
295: 267,296
296: 295
297: 442,384
298: 385,354
299: 357
300: 301,418,332
301: 300,243,326
302: 276,139,361
303: 416,184
304: 148,222,223,219
305: 451,326,390
306: 446,448,332,422,419
307: 336,365
308: 366,278,246,280,340
309: 511,452,281,338,368
310: 457,282,430
311: 571,284,461,314
312: 367,282
313: 343
314: 398,311,571,460
315: 258,149,316,232
316: 286,255,149,315,258
317: 155
318: 466,467
319: 400,404,465,288,464
320: 436,179,256,404,260
321: 209
322: 
323: 
324: 
325: 
326: 243,360,301,390,305
327: 218,164
328: 
329: 448,418,478,507
330: 387,444,415
331: 334,389,243,360
332: 451,300,306
333: 449,420,391,426
334: 331,216,360,335,276
335: 216,334,276
336: 307,219
337: 281,365,425,278
338: 484,281,309,369
801: 796
340: 197,308,423,280
341: 252,147,168,226,257,202
342: 202,226,279,227
343: 313,232,227
344: 405
345: 346,259,173,201,176
346: 345,258,201
347: 435,464
348: 582,611
349: 551,433,525,381
350: 293
351: 292,435,438
352: 
353: 386,271
354: 356,355,298
355: 356,354
356: 354,355
357: 239,299
358: 416,476,387
359: 478
360: 243,326,334,331
361: 223,302,166
362: 392,483,541,624
363: 449,419,446,392,277
364: 275,477,220
365: 425,307,337
366: 308,278,222
367: 369,197,371,312
368: 484,511,309,458
369: 367,281,423,338
370: 431,282,373,284
371: 283,199,197,367,431
372: 259,405
373: 370,284,460
374: 396,460,403
375: 492,406,522
376: 400,432,522
377: 433,463,381,289,527
378: 382
379: 436,292
380: 206
381: 525,581,349,377,433,527
382: 378
383: 500,443
384: 238,297
385: 298
386: 353,271,273
387: 330,444,416,358
388: 417,412,560
389: 137,274,331
390: 477,326,451,305,275
391: 424,333,426
392: 483,277,362,479,363,541
393: 426,449,277,452
394: 541,453,516
395: 246,148,248
396: 374,403
397: 512,455,482
398: 314,399,571,401
399: 398,515
400: 376,319,291,404
401: 547,493,398
402: 551,519,437
403: 374,396
404: 256,291,400,319,320
405: 344,372,291
406: 515,522,463,375
407: 
408: 439
409: 438,468,435,496
410: 
411: 440
412: 417,388,557
413: 471
414: 501,533,445
415: 447,330,473
416: 358,387,303
417: 388,412,560
418: 448,329,300
419: 363,306,446,420
420: 424,451,333,419
421: 533,473,478,475,565,507
422: 448,306
423: 281,278,340,369
424: 420,275,391
425: 365,426,337
426: 393,449,333,425,391,452
427: 575,430,545,489
428: 429,459,461,575
429: 459,428,603,517
430: 427,575,545,457,310
431: 370,283,371
432: 515,522,376
433: 377,463,349,525,381
434: 659,577,550,709
435: 347,351,409
436: 179,320,465,379,292
437: 659,518,402
438: 468,409,351,264
439: 408,467,553
440: 411
441: 
442: 297
443: 383
444: 529,476,387,330
445: 475,620,414,533
446: 306,479,363,419
447: 415,560
448: 418,329,306,422
449: 363,333,277,393,426
450: 540,649,505,506,564
451: 332,305,390,420
452: 511,309,393,426
453: 624,538,394,541,516
454: 545,458,489
455: 512,397,538,485,516
456: 603,598
457: 310,282,575,430
458: 454,545,484,368
459: 429,428,461,517,493
460: 374,373,314
461: 459,428,311,571,493
462: 652,518,579
463: 406,377,433
464: 288,319,492,347
465: 288,319,436,292
466: 318,499
467: 318,439,553
468: 438,409
469: 554,496,524
470: 497,265
471: 560,413,529
472: 
473: 533,421,415
474: 612,558
475: 620,563,445,533,421,565
476: 444,358
477: 390,220,275,364
478: 359,421,329,507
479: 446,392,483
480: 504,619
481: 536,593,592,542,621,675
482: 656,512,397,486
483: 392,362,479
484: 338,368,458
485: 516,511,455
486: 572,508,543,656,482
487: 735,669,595,567,623,566
488: 517,552,493,573
489: 454,545,427
490: 227
491: 552,520,521,519
492: 375,464
493: 547,401,459,461,488,573
494: 605,632,526
495: 
496: 554,469,524,409
497: 470
498: 750
499: 466
500: 383
501: 414
502: 
503: 643,531,534
504: 594,532,480
505: 530,506,450,540
506: 594,563,532,505,530,450
507: 565,478,421,329
508: 600,512,486
509: 540,649,648
510: 540
511: 309,452,485,368
512: 455,397,538,508,482
513: 696,618
514: 572
515: 406,522,399,432
516: 485,394,453,455
517: 552,488,603,429,459
518: 659,577,437,462
519: 573,491,402
520: 521,604,552,544,491
521: 520,604,574,491
522: 406,515,432,376,375
523: 635,581,527
524: 289,527,496,469
525: 581,381,349,433
526: 635,632,494,578,580,608
527: 524,289,377,581,381,523
528: 
529: 444,471
530: 505,563,565,506
531: 532,503,620,563
532: 531,563,504,506
533: 421,473,414,475,445
534: 641,503,616,643
535: 539,542,568
536: 562,481,592,675
537: 561,669,735
538: 453,512,455
539: 535,621,646,673
540: 450,509,505,510
541: 394,392,277,362,624,453
542: 593,481,535
543: 570,486
544: 552,603,520
545: 454,458,489,427,430
546: 723,655,683
547: 401,493,573
548: 705,657,576
549: 705,679,606
550: 607,610,659,434
551: 349,402
552: 517,488,544,603,520,491
553: 467,439
554: 496,469
555: 
556: 
557: 613,639,412
558: 474,666
559: 668,642,756
560: 471,417,388,447
561: 619,669,691,537
562: 536,647,675
563: 475,620,532,531,530,506
564: 595,567,594,450
565: 507,421,475,530
566: 623,593,592,735,487
567: 564,594,669,487
568: 535
569: 595,648,623
570: 673,543,601,626
571: 311,461,398,314
572: 486,656,598,628,514
573: 519,488,547,493
574: 627,521,652
575: 427,430,457,428
576: 727,705,548,706,631
577: 659,518,434,579
578: 580,526,584
579: 682,462,602,577
580: 578,635,526
581: 525,381,527,635,523,632
582: 348
583: 
584: 578
585: 
586: 
587: 
588: 
589: 642,617,667,641
590: 691,718
591: 670
592: 593,566,735,536,481
593: 623,592,566,542,481
594: 504,506,564,567
595: 564,649,487,648,569
596: 648
597: 721,625,676,674
598: 456,656,572,628
599: 701,744,629
600: 508
601: 622,646,673,570,626
602: 652,579,606
603: 456,429,517,552,544
604: 520,521
605: 494,610,686,636
606: 729,657,602,549,682
607: 550,610,659,632
608: 526
609: 661,731
610: 550,607,686,605
611: 348
612: 474
613: 557
614: 670,756
615: 
616: 643,534
617: 589,642,691
618: 513,755
619: 561,480,691
620: 475,563,445,531
621: 653,675,646,481,539
622: 601,625,701,626,678
623: 593,566,487,569
624: 453,362,541
625: 597,721,676,622
626: 701,570,601,622
627: 574,655
628: 572,598
629: 599
630: 725,700,782
631: 706,793,576
632: 494,581,607,635,526
633: 634,684
634: 660,684,633
635: 523,526,581,632,580
636: 686,605,663
637: 
638: 
639: 557
640: 668
641: 534,667,589
642: 589,617,559,756
643: 616,503,534
644: 
645: 690,718
646: 653,621,676,539,673,601
647: 696,562,722
648: 596,649,509,595,569
649: 450,509,595,648
650: 739,674
651: 698,699,724
652: 602,574,462
653: 621,675,646,676
654: 744,677,683
655: 723,546,627,679
656: 482,486,572,598
657: 729,606,548
658: 749,769
659: 577,518,437,434,550,607
660: 709,686,634
661: 726,609,710
662: 
663: 636
664: 
665: 
666: 558
667: 641,589
668: 559,640
669: 561,567,735,487,537
670: 614,591
671: 737,692
672: 755,719
673: 570,539,646,601
674: 650,739,597
675: 653,621,562,536,481
676: 653,646,722,597,625
677: 789,702,654
678: 622,721,701
679: 705,549,723,655,728
680: 
681: 747
682: 579,729,606
683: 654,546,743
684: 634,633
685: 
686: 660,610,605,636
687: 
688: 
689: 
690: 645,718,695
691: 590,617,561,619
692: 671,737
693: 753
694: 716
695: 690
696: 513,647
697: 739,719,797,738
698: 765,651,789,724
699: 721,651
700: 793,630,707
701: 744,626,599,622,678
702: 789,677,704
703: 731
704: 762,702
705: 549,679,548,728,747,706,576
706: 631,747,705,576
707: 726,793,700
708: 748
709: 660,434
710: 731,784,661,726
711: 
712: 736,715
713: 
714: 
715: 770,712,737
716: 694
717: 770
718: 590,690,645
719: 672,797,697
720: 742,757,724
721: 597,625,699,678
722: 647,676
723: 546,655,728,743,679
724: 760,720,698,765,651
725: 630,766,782
726: 707,661,710,784
727: 576
728: 723,747,705,679
729: 657,606,682
730: 763
731: 710,609,703
732: 
733: 736
734: 
735: 487,669,537,592,566
736: 712,733
737: 671,692,715
738: 775,797,697
739: 650,697,674
740: 786
741: 745,781
742: 757,720,758,760
743: 683,723
744: 701,599,654
745: 777,741,776
746: 763,779,783
747: 681,728,705,706
748: 708
749: 658
750: 498
751: 
752: 
753: 693
754: 
755: 672,618
756: 559,642,614
757: 742,720,758
758: 742,757,777
759: 
760: 724,742,777
761: 765
762: 704,780
763: 780,746,730
764: 
765: 698,761,724
766: 725
767: 
768: 
769: 658
770: 715,717
771: 785
772: 
773: 776
774: 775
775: 738,797,774
776: 773,745
777: 745,758,760
778: 799
779: 780,746
780: 763,762,779
781: 790,741
782: 725,630
783: 746,799
784: 710,726
785: 771
786: 740
787: 
788: 
789: 677,698,702
790: 781
791: 792
792: 800,791
793: 700,631,707
794: 
795: 
796: 801
797: 719,697,738,775
798: 
799: 783,778