0: 
1: 
2: 
3: 
4: 
5: 
6: 
7: 10
8: 27
9: 74,27
10: 7
11: 22,27
12: 
13: 64
14: 42,100
15: 
16: 
17: 53
18: 36
19: 
20: 68,138,191,118
21: 37
22: 11,94
23: 93,116,77
24: 42,60,35
25: 44
26: 
27: 8,9,11
28: 
29: 
30: 183,185
31: 88,52
32: 37
33: 
34: 
35: 101,60,76,24
36: 18
37: 21,32
38: 
39: 124,62
40: 74
41: 97,122,170,225
42: 24,14
43: 61,100
44: 25
45: 
46: 67
47: 
48: 133,71
49: 90,115,189,163,244
50: 113,69,186
51: 89,221
52: 161,31
53: 91,17
54: 
55: 95
56: 79,140,96
57: 230,126,105,155
58: 
59: 119,194,97
60: 103,24,35
61: 43,64
62: 39
63: 80
64: 13,61
65: 
66: 
67: 46,133
68: 20,138,118,224,248
69: 186,50
70: 95
71: 48
72: 167,244,247
73: 75,143,93,116,98
74: 9,40
75: 73,143
76: 121,77,101,35
77: 121,225,23,76
78: 123,99
79: 56
80: 63,81
81: 128,80
82: 231,177
83: 321,208,287,292
84: 107
85: 153
86: 159,271
87: 
88: 165,31
89: 51
90: 49,115,244,247
91: 53,143
92: 170,171,192,98,117
93: 116,73,23
94: 22
95: 55,70,165
96: 56,138,253
97: 122,41,59
98: 116,73,92,170
99: 125,78,123,172,203
100: 43,14
101: 35,76,150,174
102: 229,205,257,255,178
103: 60
104: 206,237
105: 57,177
106: 
107: 84
108: 
109: 327,213
110: 211,158,134
111: 134
112: 133
113: 50,132
114: 
115: 49,90,163,276,216
116: 93,98,73,23,170,225
117: 169,192,92,122
118: 361,68,20,304,248
119: 145,194,59,122
120: 
121: 77,225,76,150
122: 97,41,117,119
123: 78,99
124: 39,146,174,128
125: 99
126: 127,230,203,57
127: 230,126,286,285
128: 81,174,124
129: 
130: 
131: 152
132: 213,113
133: 48,112,67
134: 211,110,111
135: 186
136: 242
137: 160,164,270
138: 68,20,96
139: 276,166,302
140: 167,56
141: 
142: 163,217
143: 91,75,73
144: 169,145,252
145: 228,119,144,252
146: 150,174,124
147: 226,196,168,198,202,341
148: 246,366,249,304
149: 341,255,258,315
150: 146,174,121,101
151: 
152: 131,176,317
153: 85
154: 204
155: 180,57,230,261
156: 
157: 210
158: 110
159: 86,271
160: 137,164,389,331,190
161: 52
162: 244,165
163: 142,189,217,49,115
164: 160,137,327,190
165: 88,162,95
166: 247,191,276,139
167: 72,140
168: 196,395,250,147
169: 144,117,192,193
170: 92,116,98,225,41
171: 253,192,92
172: 203,286,229,99
173: 346,200,345
174: 150,146,101,128,124
175: 
176: 261,317,152
177: 82,105,207
178: 316,285,102,255
179: 404,320
180: 155,317,207
181: 182
182: 181
183: 30,185
184: 358,274,303,328
185: 30,183
186: 69,50,135
187: 212
188: 212
189: 163,49
190: 331,160,164
191: 247,166,20
192: 224,193,253,171,92,169,117
193: 224,192,248,169
194: 228,119,59,205
195: 251,196,395
196: 168,395,251,195,147
197: 340,423,199
198: 252,228,147,202
199: 250,280,197,279,371
200: 316,201,173
201: 258,232,315,316,200,346
202: 257,198,147,341
203: 172,286,99,126
204: 154
205: 229,102,228,194,257
206: 104
207: 294,180,317,177
208: 83,407,352,292
209: 321
210: 157
211: 110,134
212: 187,188
213: 132,109
214: 
215: 389,273,328
216: 276,217,115
217: 218,142,163,216
218: 217,327
219: 278,307,222
220: 223,364,302
221: 51
222: 219,366
223: 220,361
224: 192,193,68,253,248
225: 121,77,116,170,41
226: 147,490,342,341
227: 279,283,490,342
228: 145,194,198,252,205
229: 205,102,172
230: 127,126,57,155
231: 82
232: 201,315,343,346,344
233: 380
234: 265
235: 
236: 237
237: 104,236
238: 353
239: 296
240: 
241: 270
242: 136
243: 389,331,301,326
244: 162,49,90,72,247
245: 325
246: 148,366,308,254,395
247: 191,166,244,90,72
248: 249,304,68,118,224,193
249: 304,248,148
250: 280,199,168,279
251: 195,196,252
252: 198,144,251,228,145
253: 171,96,224,192
254: 395,246,280
255: 257,102,149,178,258
256: 319,291,260,465,404
257: 202,255,205,102
258: 201,315,255,149,316
259: 346,405,344,372
260: 372,291,256,320
261: 176,317,155
262: 
263: 351,468,407,264
264: 407,352,263,408
265: 234
800: 
267: 296,295
268: 
269: 297
270: 241,137
271: 325,159,86
272: 325
273: 274,215,328
274: 273,184,328
275: 390,477,364
276: 216,115,166,139,302
277: 392,449,393,394,541
278: 336,307,219,308
279: 283,490,227,250,199,371
280: 250,199,254
281: 338,368
282: 430,457,367,284,310
283: 279,227,312,431
284: 312,282,367,370,310
285: 178,286,127
286: 172,203,285,127
287: 83
288: 436,379
289: 347,492,377
290: 
291: 319,256,372,260
292: 407,351,83,208
293: 350
294: 207
295: 267
296: 267,239
297: 269
298: 
299: 
300: 303,328,326
301: 326,243,305,332
302: 220,276,139
303: 300,328,184
304: 249,248,118,148
305: 451,332,301,390
306: 451,419,332,448,446
307: 336,278,219
308: 340,278,246
309: 426,425
310: 311,461,284,282,457,370
311: 310,571,461,370,314
312: 284,371,283,431
313: 343,374,460
314: 398,311,571
315: 258,232,201,149,343
316: 178,258,201,200
317: 176,261,180,207,152
318: 466,580
319: 291,256,400,376,465
320: 260,404,179
321: 83,209
322: 382
323: 440
324: 
325: 272,245,271
326: 301,300,243
327: 109,164,218
328: 303,300,273,274,184,215
329: 448,422
330: 473,387
331: 190,160,389,243
332: 451,305,306,301,448
333: 425,365,426
334: 335,360
335: 360,334
336: 278,307,365
337: 
338: 484,281,369
801: 792,741
340: 308,423,197
341: 149,342,226,147,202
342: 341,226,490,227
343: 313,232,315
344: 405,403,232,259,346
345: 173
346: 259,173,232,201,344
347: 289,464,496,435,409
348: 466,555
349: 632,433,381,525
350: 293
351: 379,435,407,292,263
352: 407,264,208
353: 238,416,385
354: 356
355: 
356: 354
357: 
358: 184,476
359: 478,387
360: 335,334,477
361: 118,223
362: 392,483,538
363: 446,449
364: 220,477,275
365: 425,333,391,336
366: 246,148,222
367: 282,430,369,484,284
368: 452,511,281
369: 338,367
370: 373,431,284,311,310
371: 312,199,279
372: 260,259,291
373: 370,431,460
374: 313,460,396,403
375: 381,377,463
376: 400,319
377: 375,289
378: 
379: 351,436,288
380: 233
381: 375,349,525
382: 322
383: 443
384: 442
385: 476,353,416,529
386: 
387: 359,478,330,415
388: 413,639,412
389: 215,160,331,243
390: 477,451,305,275
391: 424,365
392: 277,483,479,362,541
393: 420,449,277,394
394: 426,393,277,541
395: 254,196,168,246,195
396: 374,403,432
397: 458,482,455,489,656
398: 314,571,401,547
399: 432,406,515
400: 405,319,376
401: 573,547,493,398
402: 488,519,552,491
403: 405,344,374,396
404: 436,179,256,320
405: 344,403,259,400
406: 515,399,547
407: 352,292,264,351,208,263
408: 264,467,439
409: 435,347,496
410: 
411: 
412: 388,503
413: 388,557,639,471
414: 445,417,421
415: 473,421,387,507
416: 353,385
417: 471,560,414
418: 448
419: 451,306,424,420
420: 449,393,419
421: 415,414,445,533
422: 446,448,329
423: 340,197
424: 391,451,419
425: 365,333,426,309
426: 394,309,425,333
427: 489,575,430
428: 459,457,575,461
429: 517,603,459
430: 282,367,484,427
431: 373,370,283,312
432: 396,399,515
433: 551,349
434: 610,682,634,660
435: 409,347,464,351
436: 404,288,379
437: 632
438: 554,468,467
439: 553,467,408
440: 323
441: 
442: 384
443: 383
444: 447,613
445: 414,421,533,475
446: 363,422,448,306
447: 444,471,473,560
448: 329,418,332,306,446,422
449: 420,393,363,277
450: 505,509
451: 419,305,332,306,390,424
452: 368,511
453: 538,516
454: 486,455
455: 482,454,486,458,397
456: 628,572,598
457: 282,575,310,461,428
458: 397,545,455
459: 428,575,429
460: 373,313,374
461: 311,310,571,457,428
462: 627,652
463: 375
464: 347,435
465: 319,256
466: 318,499,348
467: 468,438,408,439
468: 438,263,467
469: 580,554
470: 
471: 447,413,417,560
472: 
473: 415,560,447,330
474: 666
475: 445,533,620,565,563
476: 385,358
477: 390,360,364,275
478: 359,387,507
479: 392,483
480: 619,669,690
481: 536,592,675
482: 455,397,656
483: 392,479,362
484: 338,545,430,367
485: 541
486: 516,454,512,455
487: 567,595,669,623
488: 402,519,493,573
489: 427,397,603,656
490: 279,227,226,342
491: 521,552,520,402
492: 522,289
493: 401,573,488
494: 523,605,526
495: 
496: 524,347,409
497: 553
498: 637,688
499: 608,466
500: 
501: 534
502: 557
503: 643,412,534
504: 532,567,530,563,506
505: 530,565,510,450
506: 564,530,567,504,540
507: 533,415,478,510
508: 543,598
509: 540,649,450
510: 507,505
511: 368,452,545
512: 535,624,486
513: 645,590,591,695
514: 543,599,572,680
515: 406,399,432,522
516: 624,453,486
517: 429,552,603
518: 602
519: 488,402,573,551
520: 604,544,521,491
521: 491,520,602
522: 492,515
523: 494,581,635
524: 496,635,527
525: 581,349,632,381
526: 578,494,605
527: 524,635
528: 
529: 385
530: 505,565,563,504,506
531: 534,620
532: 567,504,594,563
533: 507,421,445,475,565
534: 501,531,503
535: 512,539
536: 481,735,592,562
537: 645,590,691
538: 453,362
539: 593,621,535
540: 509,649,506
541: 485,392,277,394
542: 569,593
543: 598,508,514,599,572
544: 520,604,628
545: 484,511,458
546: 728,655,683,723,747
547: 401,398,406,551
548: 679,549,631,705,706
549: 548,679,652,606
550: 607,632,659,581
551: 433,573,547,519
552: 517,402,491
553: 497,439
554: 438,469,580
555: 348
556: 611
557: 502,613,413
558: 643
559: 589,667,756
560: 473,447,471,417
561: 589,617
562: 695,645,536
563: 530,565,475,532,504
564: 595,506,648
565: 505,530,563,533,475
566: 569,592,735
567: 532,504,594,487,506
568: 596,624
569: 566,595,542
570: 673,621,646,600
571: 311,461,398,314
572: 456,543,598,514
573: 401,493,488,519,551
574: 627,680,604
575: 427,457,459,428
576: 681,726
577: 579,659,682
578: 580,526
579: 577,606,657
580: 578,469,554,318
581: 525,550,523
582: 584
583: 663,636,633
584: 582
585: 
586: 
587: 
588: 666
589: 617,559,642,561
590: 691,718,513,537
591: 513
592: 566,735,481,536
593: 621,542,539
594: 532,567
595: 564,487,623,569
596: 568,624
597: 699,676,601,625
598: 543,508,572,456
599: 626,600,543,514
600: 599,626,570
601: 622,625,597
602: 652,606,521,518
603: 656,489,429,517
604: 520,544,574
605: 494,526,636
606: 652,602,549,579,657
607: 550,659,682
608: 499
609: 703,727,661
610: 434,686
611: 556
612: 
613: 557,444
614: 668,670
615: 641
616: 641
617: 589,641,619,561
618: 695,719,696
619: 617,480
620: 531,475
621: 593,646,539,570
622: 601,625,673,701
623: 669,487,595
624: 516,568,596,512
625: 601,622,597,701
626: 599,600,673
627: 462,574,655
628: 456,544
629: 654,744,683
630: 766
631: 681,548,706
632: 349,437,659,525,550
633: 583
634: 709,434,660
635: 524,527,523
636: 605,583
637: 688,498
638: 
639: 413,388
640: 716,668
641: 617,615,667,616
642: 670,589,691
643: 558,503,666
644: 
645: 513,537,562,695
646: 621,570
647: 722,674,676,696
648: 649,564
649: 540,509,648
650: 719,755,797
651: 739,722,674,697,699
652: 606,602,462,549
653: 675
654: 744,683,629,723
655: 546,728,683,627
656: 603,397,482,489
657: 606,579
658: 
659: 632,577,550,607
660: 434,634,686
661: 710,609,703,748
662: 
663: 686,583
664: 
665: 693
666: 474,588,643
667: 559,641
668: 640,756,614
669: 623,487,480,690
670: 642,756,614
671: 672,737
672: 671,737,692
673: 570,622,626
674: 722,647,676,699,651
675: 653,481,676
676: 722,647,674,675,597
677: 698,701,789
678: 721,724,777
679: 548,549,728,705
680: 514,574
681: 631,576
682: 434,577,607
683: 654,629,546,655
684: 703,727
685: 
686: 663,610,660
687: 
688: 637,498
689: 
690: 735,480,669
691: 590,642,537
692: 672
693: 665,753
694: 734
695: 618,562,645,513
696: 722,647,618,719
697: 722,739,651
698: 677,724,765,789
699: 721,597,674,651
700: 793,730,726,707
701: 622,625,677
702: 789,723,704
703: 609,684,661,748
704: 765,702,789
705: 728,747,548,679
706: 729,548,631
707: 782,700,726
708: 748
709: 634,729
710: 661,784
711: 
712: 717,736
713: 
714: 
715: 736
716: 640,734
717: 712
718: 590
719: 650,618,696
720: 760,777
721: 699,678,724
722: 647,674,676,696,697,651
723: 702,654,546
724: 765,721,678,698
725: 783
726: 700,576,707
727: 609,729,684
728: 546,655,679,705
729: 706,709,727
730: 763,793,700
731: 768,784
732: 
733: 736
734: 716,694
735: 690,566,592,536
736: 715,733,712
737: 671,672
738: 797,774,757
739: 651,697
740: 786,759
741: 745,801
742: 760,775,758
743: 793
744: 654,629
745: 741,796
746: 779,799
747: 546,705
748: 703,661,708
749: 799,795
750: 
751: 
752: 
753: 693
754: 771
755: 650,797
756: 670,668,559
757: 738
758: 776,760,742
759: 786,740
760: 720,742,758
761: 780
762: 
763: 730
764: 
765: 724,698,789,704
766: 783,630
767: 769
768: 731
769: 767
770: 
771: 754
772: 786
773: 776
774: 797,738
775: 742
776: 758,773
777: 678,720
778: 795
779: 746
780: 781,761
781: 780
782: 707
783: 725,766,799
784: 710,731
785: 
786: 772,740,759
787: 
788: 
789: 702,677,698,765,704
790: 
791: 799
792: 801
793: 700,743,730
794: 
795: 778,749
796: 745
797: 738,774,755,650
798: 
799: 791,746,783,749