0: 
1: 
2: 
3: 
4: 
5: 
6: 
7: 
8: 9,27
9: 8
10: 
11: 22
12: 64
13: 26,44
14: 40,43
15: 
16: 33
17: 18,73,143,221
18: 17,73
19: 
20: 68,118,249,193
21: 66,32
22: 120,35,27,11
23: 24,94,53
24: 23,35,76
25: 100,80
26: 13
27: 8,22
28: 
29: 
30: 
31: 
32: 34,21,66
33: 16
34: 32
35: 22,24
36: 51
37: 
38: 
39: 150,124,128
40: 14,61
41: 121,101,77
42: 60
43: 14,61
44: 13,63
45: 99,105,57
46: 
47: 133
48: 66
49: 95,167
50: 186,113
51: 143,36
52: 165,161
53: 94,23
54: 
55: 221
56: 79,70,96
57: 203,177,172,45
58: 63
59: 225,122,146
60: 42,100
61: 40,74,43
62: 125,78,85,99
63: 58,44
64: 12
65: 
66: 21,48,32
67: 69
68: 138,96,20,191,118,249
69: 67
70: 140,91,56
71: 161
72: 191,167,138
73: 17,18,75
74: 61
75: 73,91,79
76: 24,93
77: 150,121,41,101
78: 62,125,146,225
79: 56,171,75
80: 25,100
81: 175
82: 105
83: 262,155
84: 
85: 62,99
86: 353,357,271
87: 185
88: 165
89: 
90: 139,115
91: 221,70,75
92: 170,192,117,253,194
93: 76,116
94: 53,23
95: 49,167
96: 68,138,140,56,192,249
97: 122,145,117,121,116
98: 117,253,116
99: 45,85,62
100: 60,25,80
101: 174,103,41,77
102: 225,125
103: 174,101
104: 180,154
105: 45,82
106: 
107: 
108: 
109: 113,327,241
110: 242,187
111: 132,134
112: 
113: 109,213,186,50
114: 
115: 90,139,247,244
116: 93,98,97
117: 253,98,92,97,145
118: 148,68,20
119: 228
120: 22
121: 41,97,77
122: 97,145,228,59
123: 125,172
124: 128,174,150,39
125: 62,123,78,225,102
126: 
127: 172,229,173,203
128: 124,39,175
129: 182
130: 182
131: 290,262
132: 134,111,160
133: 47
134: 132,111
135: 186,141
136: 
137: 274,159,273
138: 68,96,167,72,140
139: 90,115,247
140: 70,167,138,96
141: 213,135
142: 190,163,217
143: 17,51,221
144: 195,196,169,198
145: 97,122,117,194
146: 150,225,59,78
147: 194,228,169,251,198,205
148: 118,166,219,248
149: 316,346,258
150: 146,77,174,124,39
151: 
152: 317,259,235,233
153: 180
154: 180,104
155: 206,294,261,83
156: 
157: 214,267,268
158: 188,183
159: 272,137
160: 272,241,132
161: 52,71
162: 165
163: 217,142,189
164: 327
165: 52,88,162
166: 148
167: 49,95,72,140,138
168: 226,199,252,341,197
169: 170,144,195,194,147,198
170: 92,169,195,194
171: 79,253
172: 127,123,203,57
173: 178,127,203,200
174: 101,103,150,124
175: 81,128
176: 201,230,259
177: 57,200
178: 173,202,285
179: 233,436
180: 153,231,154,104
181: 237
182: 130,129
183: 158
184: 303,328
185: 87
186: 50,113,135
187: 110,325
188: 158,210
189: 163
190: 142,331
191: 72,244,68
192: 249,96,92
193: 248,20,249
194: 147,228,170,92,169,145
195: 144,196,224,170,169
196: 144,195,224,254
197: 283,252,340,199,168
198: 251,341,169,144,147
199: 168,283,197,279,227
200: 201,230,173,203,177
201: 200,176,230,285,345
202: 178,255
203: 57,172,127,173,200
204: 206,294
205: 257,255,147,251
206: 204,294,155,236,237,380
207: 
208: 436,379
209: 
210: 188,212,295
211: 
212: 267,210,295
213: 113,141
214: 157
215: 328,274,243
216: 276,335,331
217: 163,142
218: 
219: 223,148,248,222
220: 302,361,390,364
221: 91,55,17,143
222: 308,395,219,248
223: 219,361,304
224: 195,196
225: 59,102,146,125,78
226: 168,251,341,257,342,279
227: 373,199,279
228: 194,147,122,119
229: 127,255
230: 201,200,176,317
231: 180,294
232: 374,405,346
233: 179,152,235
234: 382
235: 260,152,233
236: 237,206,380
237: 236,206,181
238: 269,297,384
239: 357
240: 
241: 160,109
242: 110
243: 360,328,215,301,389,326
244: 247,191,115
245: 325
246: 304,308,278,366
247: 244,139,115,302
248: 193,148,219,222
249: 192,68,96,20,193
250: 252,254,395,280
251: 341,198,147,226,257,205
252: 250,254,168,197
253: 117,98,171,92
254: 252,250,395,196
255: 257,205,229,202
256: 291,320,372,405
257: 255,205,251,226
258: 345,149,346,285
259: 317,152,176,260
260: 235,372,259
261: 155
262: 83,131,380,321
263: 264,407
264: 263
265: 410,470
800: 
267: 157,212
268: 157
269: 238
270: 273,271,386
271: 357,299,86,270
272: 160,159
273: 270,137,274
274: 137,273,215
275: 390,364,391,333,336
276: 216,335,334
277: 363,449,393
278: 366,246,308,337
279: 342,226,199,227
280: 340,250
281: 425,309,338,369
282: 312,457,311,461
283: 371,197,199
284: 490,343,311,314
285: 201,178,345,258
286: 342
287: 379
288: 438
289: 524,377,523,347
290: 131,379
291: 320,256,405,344,400,319
292: 
293: 
294: 206,204,155,231
295: 299,212,210
296: 298
297: 238,384
298: 296
299: 357,295,271
300: 448,326,301,332
301: 387,328,243,300,326
302: 361,220,335,247
303: 184,387
304: 246,361,364,223
305: 477,360,326,332
306: 420,422,510,449
307: 424,336,365,366
308: 222,395,246,278
309: 452,425,281,484,369,368
310: 312,430,431
311: 461,370,312,282,284
312: 457,310,282,370,311
313: 460,314,343,403
314: 460,313,284,343,396,459
315: 346,373,316
316: 149,346,315
317: 152,259,230
318: 468,466
319: 404,291,400
320: 291,256,404
321: 380,262
322: 352
323: 
324: 472
325: 245,187
326: 448,300,301,243,360,305,332
327: 109,164
328: 215,184,387,301,243
329: 478,418,507,565
330: 
331: 389,190,216,334
332: 451,448,300,326,305,420,419
333: 451,390,275
334: 276,389,331,360,477
335: 276,216,302
336: 424,307,275,391
337: 278,366,338
338: 367,281,337,423
801: 745,792,781
340: 280,423,371,197
341: 251,198,226,168
342: 286,279,226
343: 284,490,313,314
344: 403,405,291,400,376
345: 372,258,201,285
346: 315,149,316,258,232
347: 522,289,524
348: 466
349: 437,525
350: 
351: 438,409,496,467
352: 322
353: 86,385,416
354: 443,355
355: 354
356: 529
357: 299,239,271,86
358: 447,476
359: 387
360: 243,389,326,334,477,305
361: 302,220,364,223,304
362: 446,479,483,541
363: 449,277,446
364: 390,275,361,220,304
365: 424,307,426,425
366: 278,246,307,337
367: 338,423,431
368: 458,454,309,484
369: 484,281,309
370: 431,312,311
371: 283,340,423,431
372: 345,260,256
373: 227,490,315
374: 232,403
375: 522,464,377
376: 400,344,432,492,464
377: 523,375,289
378: 
379: 208,290,287
380: 321,206,262,236
381: 523,580
382: 234
383: 443,500
384: 238,297
385: 353
386: 416,270
387: 359,301,303,328
388: 444,529
389: 331,243,360,334
390: 364,275,220,333
391: 275,424,336,393
392: 453,511,394
393: 426,391,277,424
394: 426,392,511,452
395: 308,222,250,254
396: 398,459,460,314,399
397: 456,482,458,489
398: 396,459,571,493,401
399: 403,432,460,396
400: 465,376,344,291,464,319
401: 493,398
402: 493,547,552,551
403: 399,344,432,460,313,374
404: 319,320
405: 232,344,291,256
406: 463,433
407: 263
408: 467
409: 438,351,435,496
410: 265,470,440
411: 
412: 417,501
413: 471,529
414: 417,415,560,445
415: 613,417,414
416: 386,353
417: 414,415,412,501
418: 478,329,448,422,419
419: 420,422,448,478,418,332
420: 422,419,306,332,451
421: 533,507
422: 420,419,306,418,510
423: 340,367,338,371
424: 307,336,365,391,426,393
425: 309,365,426,281
426: 394,393,424,365,425
427: 517,489,575
428: 545,457,429
429: 428,575,573
430: 484,454,310
431: 370,367,371,310
432: 403,399,515,376,492
433: 406,463
434: 606,659,709
435: 438,409,524
436: 208,179
437: 349,518,491
438: 351,409,435,288
439: 470,497
440: 470,410
441: 664
442: 
443: 383,354,500
444: 529,476,388,447
445: 560,414,475
446: 362,479,510,363
447: 358,444,476
448: 300,326,478,418,332,419
449: 363,277,306
450: 540,509,479,483
451: 332,420,333
452: 309,394,511
453: 392,511,624,485,516
454: 368,458,430
455: 516,508,485,482
456: 397,489,598
457: 312,282,428,545
458: 368,454,397
459: 398,396,571,461,314
460: 313,314,396,403,399
461: 311,571,282,459
462: 549,602,657,577,579
463: 406,551,433
464: 375,522,492,400,465,376
465: 400,522,464
466: 348,554,318
467: 351,408
468: 318
469: 494,554
470: 439,265,410,440
471: 413
472: 324
473: 533
474: 588,639
475: 563,445
476: 444,447,358
477: 305,360,334
478: 418,329,448,419
479: 510,450,446,362
480: 561,531,504,594
481: 646,542,623
482: 397,455,512
483: 596,450,362,649
484: 430,369,309,368
485: 453,511,516,455
486: 512,572,656
487: 595,564,567,648
488: 547,571,493
489: 456,397,575,427
490: 284,343,373
491: 518,519,577,437
492: 464,432,515,376
493: 402,401,571,488,398
494: 554,469,635
495: 555
496: 351,409
497: 439
498: 750
499: 611,556
500: 443,383
501: 503,412,417
502: 
503: 501
504: 532,480
505: 507,530,565
506: 540,509
507: 505,530,421,329,565
508: 516,455,568
509: 540,450,506,595,564,649
510: 479,565,422,306,446
511: 392,453,394,452,485
512: 572,486,600,482
513: 695,645,618,562,672
514: 570,656,629
515: 432,492
516: 508,455,453,624,485
517: 427,598,628,603,544
518: 491,437,659,550
519: 552,491
520: 574,521
521: 544,627,604,574,520
522: 375,464,465,347
523: 377,289,381
524: 289,347,435,527
525: 581,349,607
526: 605,608
527: 524
528: 
529: 444,356,413,388
530: 507,505
531: 532,643,480
532: 531,620,504
533: 421,473,563
534: 643,616
535: 648
536: 562,592,695,647
537: 691,641,617,589,590
538: 624,569,596,541
539: 568,542,600,673
540: 509,450,506
541: 596,362,538,624
542: 481,539,673
543: 673,626,676
544: 521,517,628,603,604
545: 428,575,457
546: 723,654,655
547: 488,573,402,552
548: 657,606
549: 462,602,652,679
550: 610,607,518,659,686
551: 402,463
552: 519,547,402
553: 
554: 494,469,578,466
555: 495
556: 582,637,499
557: 
558: 615,666
559: 640,614
560: 445,414
561: 480,691
562: 696,536,650,513,672
563: 620,475,533
564: 595,487,594,509,567
565: 510,329,507,505
566: 669,619,593
567: 669,594,564,487
568: 569,539,508
569: 538,568,596
570: 514,599
571: 461,488,398,459,493
572: 512,486,656,598
573: 603,547,429
574: 520,521,627,602
575: 545,489,427,429
576: 705,727
577: 462,491,579
578: 554,584
579: 606,659,577,462,657
580: 635,381
581: 525,635,632
582: 584,556
583: 750,711
584: 582,578
585: 
586: 
587: 665,640
588: 474,639,612
589: 617,667,641,616,537
590: 670,690,735,537
591: 670,715
592: 619,695,536
593: 647,566,621
594: 480,564,567
595: 564,487,509,649
596: 483,541,538,569
597: 699,622,601,722
598: 517,456,572
599: 701,570
600: 539,673,512
601: 675,646,626,676,597
602: 549,462,652,627,574
603: 573,517,544
604: 627,655,521,544
605: 636,660,608,686,526
606: 434,579,657,548,709
607: 550,610,525
608: 636,605,526,663
609: 703,708
610: 550,607,686,632
611: 499,688
612: 666,588
613: 415
614: 642,559,668,716
615: 558
616: 643,534,589
617: 589,667,642,537
618: 718,513,645,755,672
619: 592,735,566,669
620: 563,532
621: 623,593,646,675
622: 721,699,597,625,701
623: 648,621,481
624: 538,541,453,516
625: 721,699,622,701
626: 646,601,543,676
627: 652,655,604,521,574,602
628: 680,517,544
629: 654,744,514
630: 766
631: 727,661,706,707
632: 581,610,635
633: 636,660,663
634: 708,660
635: 580,581,632,494
636: 605,660,608,633,663
637: 556
638: 
639: 474,588
640: 559,668,587
641: 589,537
642: 614,617
643: 616,534,531
644: 
645: 513,718,618
646: 481,626,621,675,601
647: 593,536,675,653
648: 623,487,535
649: 509,595,483
650: 696,562,672,719,739
651: 697,721
652: 627,655,679,549,602
653: 739,647,696,675
654: 744,629,723,546
655: 652,627,604,546
656: 572,486,514,680
657: 462,606,579,548
658: 768
659: 434,579,518,550
660: 636,605,633,634
661: 727,631,729,710
662: 
663: 636,608,633
664: 441
665: 587
666: 612,558
667: 617,589
668: 640,716,614
669: 567,566,619
670: 590,591,756
671: 717,712,718
672: 755,719,513,618,562,650
673: 543,539,542,600
674: 722,697
675: 601,621,647,646,653
676: 626,601,543
677: 704,702,678
678: 701,702,677
679: 652,549,705
680: 628,656
681: 730,747,793
682: 709,684,729
683: 747,743,723
684: 729,682,709
685: 708
686: 550,610,605
687: 
688: 611
689: 753
690: 590,735,695
691: 735,537,561
692: 737,718,755
693: 
694: 
695: 513,690,592,536
696: 562,650,739,653
697: 698,651,674,720
698: 697,720,757,742
699: 721,622,597,625,722
700: 706,793,707
701: 599,622,625,678
702: 704,677,678,744
703: 710,609
704: 702,677,765,743
705: 679,728,576
706: 793,700,631,707
707: 706,700,631
708: 685,634,609
709: 606,434,682,684
710: 703,661
711: 583,750
712: 717,671
713: 
714: 
715: 591,718
716: 668,614
717: 737,671,770,712
718: 618,715,645,671,692
719: 755,672,650,738
720: 738,697,698
721: 699,622,625,651
722: 739,674,699,597
723: 546,654,683
724: 762
725: 766,763
726: 782,784
727: 631,661,576,729
728: 793,747,705
729: 684,682,727,661
730: 681,765,743
731: 
732: 
733: 754
734: 
735: 691,590,690,619
736: 
737: 717,692,770
738: 719,797,720
739: 722,653,696,650
740: 786
741: 781,761,746,779
742: 757,698
743: 747,683,704,765,730
744: 654,629,702
745: 761,781,801
746: 741,780
747: 743,683,681,728,793
748: 
749: 795
750: 583,711,498
751: 767
752: 
753: 689
754: 733
755: 672,719,618,692
756: 670
757: 742,698
758: 777,776
759: 796
760: 761,779
761: 745,760,779,781,741
762: 724,780
763: 780,725
764: 
765: 704,743,730
766: 725,630
767: 768,769,751
768: 767,658
769: 767
770: 737,717
771: 
772: 775,773
773: 776,772
774: 797
775: 772
776: 773,758
777: 758
778: 799,790
779: 760,761,741
780: 763,762,746
781: 741,745,761,801
782: 726,784
783: 
784: 726,782
785: 
786: 740
787: 788
788: 787
789: 
790: 778
791: 
792: 801
793: 706,728,747,681,700
794: 
795: 749
796: 759
797: 774,738
798: 786
799: 778