0: 
1: 
2: 
3: 
4: 
5: 
6: 10
7: 
8: 37,27
9: 
10: 6
11: 22,74
12: 64
13: 26,44
14: 40
15: 
16: 114
17: 51,18,143,73,75
18: 51,17,36
19: 
20: 68,96,193,118
21: 66,32
22: 11,120,27
23: 24,53
24: 23,35,76
25: 80
26: 13
27: 35,8,22
28: 
29: 133
30: 183,242
31: 
32: 21,66
33: 
34: 
35: 27,24
36: 51,18
37: 94,38,8
38: 37
39: 62,150,124,128
40: 14
41: 76,121,77,101
42: 174,103
43: 61,44
44: 58,63,13,43
45: 105,57,99,85
46: 211
47: 
48: 89
49: 167,52,165
50: 186,134,109,113
51: 18,17,55,36,143
52: 165,49
53: 93,23
54: 112
55: 51,221,143
56: 79,192,253,171,92
57: 45,99,123,172,126
58: 44,63
59: 225,146,97
60: 
61: 43
62: 39,150,78,99,125
63: 58,44
64: 12
65: 
66: 21,32
67: 69,186
68: 20,96,72,191,138
69: 67
70: 91,140,138,167
71: 89,161
72: 167,138,68
73: 17,75
74: 11
75: 17,73
76: 41,24,121
77: 121,116,41,101,146
78: 225,146,62,150,125
79: 56,171
80: 100,25
81: 85
82: 105
83: 261,131,262
84: 
85: 81,45
86: 271,357
87: 
88: 161
89: 71,161,48
90: 115,163,142
91: 140,70
92: 145,170,56,192,253
93: 53
94: 37
95: 167,221
96: 68,20,140,192
97: 122,98,117,116,59
98: 117,171,116,97
99: 125,102,62,123,45,57
100: 80,175
101: 41,77
102: 99,125,225,123
103: 174,42
104: 180,231,154
105: 45,82
106: 
107: 
108: 
109: 113,241,134,50
110: 242
111: 132
112: 54
113: 109,50
114: 16
115: 90,189,244
116: 121,77,98,97
117: 253,98,145,97,122
118: 148,193,191,166,20
119: 205,228,225
120: 22
121: 116,77,76,41
122: 97,117,194,228
123: 99,102,57
124: 39,150,174,128
125: 99,102,78,62
126: 57
127: 229,203
128: 39,124,175
129: 
130: 
131: 290,379,83,262,209
132: 111,272,160
133: 29
134: 50,109
135: 141
136: 
137: 273,218
138: 70,72,167,68
139: 216
140: 91,70,96
141: 135,163
142: 217,190,163,90
143: 221,55,51,17
144: 195,196,254,341,198
145: 92,169,170,117
146: 78,225,59,77
147: 194,228,169,251,198,205
148: 193,118,219
149: 285,178,316,342,346,258
150: 39,62,124,78
151: 
152: 317,259,233
153: 180
154: 104
155: 204,294,261,206
156: 
157: 
158: 188
159: 241,160
160: 241,132,159
161: 89,71,88
162: 165,189
163: 141,142,90
164: 327,218
165: 162,52,49
166: 247,302,118
167: 49,72,95,70,138
168: 199,252,254,341
169: 145,170,195,194,147,198
170: 145,92,169,195,224
171: 253,56,79,98
172: 177,203,57
173: 285,178,201,200
174: 103,42,124
175: 100,128
176: 201,260,345,256,259
177: 172,203,200,230
178: 285,149,202,286,173
179: 404,235,233
180: 153,231,104
181: 237
182: 
183: 30,242
184: 301,387,328,215
185: 240
186: 50,67
187: 245
188: 158,210
189: 115,162
190: 217,142,216
191: 244,68,118
192: 96,56,92
193: 148,118,20,249,248
194: 147,228,169,122
195: 144,196,224,169,170,198
196: 144,195,224,248,395,254
197: 371,283,252,340
198: 251,341,169,144,195,147
199: 279,226,168,252,283
200: 201,173,177,203
201: 200,176,173,345
202: 255,286,178
203: 172,177,127,200
204: 155,294,206
205: 119,229,147,228,255
206: 236,155,204,237
207: 
208: 436,379
209: 321,131,379,287
210: 267,188
211: 46
212: 325,267,295,299
213: 327,217
214: 269,268
215: 328,274,184
216: 139,190,331,276
217: 190,142,213
218: 164,137,389
219: 148
220: 335,390
221: 143,95,55
222: 308,395,248
223: 302,361
224: 195,196,170
225: 78,146,59,119,102
226: 279,199,251,257
227: 373,342,316,315
228: 194,147,122,205,119
229: 205,255,127
230: 177
231: 294,180,104
232: 405,374,346,372
233: 235,152,179
234: 382,322
235: 320,233,179
236: 206
237: 181,206
238: 296,297
239: 298,357
240: 185
241: 160,159,109,327
242: 183,30,110
243: 326,360,328,274,389,334
244: 247,115,191
245: 187,272,325
246: 336,304,307,308,278
247: 166,244,302
248: 193,249,222,395,196
249: 193,248
250: 252,280
251: 341,198,147,226,257
252: 250,199,168,197
253: 117,171,56,92
254: 144,196,341,168
255: 202,205,229
256: 259,176,260
257: 286,251,226
258: 345,285,149,346
259: 256,176,317,152
260: 345,372,176,256
261: 83,155
262: 380,83,131,321
263: 352,264,407
264: 407,263
265: 
800: 
267: 210,295,212
268: 214
269: 214
270: 273,271,386
271: 86,270
272: 245,132
273: 270,137
274: 328,215,243
275: 333,364,336,424
276: 334,331,216,335
277: 393,394,511,363
278: 246,308,337
279: 199,226
280: 340,423,337,250
281: 366,425,337,309,338,369
282: 311,571
283: 197,199,373
284: 490,461,370,311
285: 149,178,173,258
286: 202,257,178
287: 352,209
288: 292
289: 524,381,522,347
290: 131,379
291: 320,405,344
292: 288,436
293: 
294: 231,155,204
295: 267,212
296: 238
297: 384,238
298: 239,385
299: 357,325,212
300: 448,359,301,326
301: 184,328,300,359
302: 223,335,166,247
303: 416,358,387
304: 361,246,308
305: 332,477,390
306: 363,420,451,449
307: 424,246,336,366,365
308: 222,304,246,278
309: 281,425,369,310,484,368
310: 484,309,369,430
311: 282,312,284,461
312: 430,457,370,311
313: 460,343,315,374,403
314: 490,461,459,460,343
315: 346,227,316,343,313
316: 149,342,227,346,315
317: 259,152
318: 468
319: 400
320: 291,235
321: 209,380,262
322: 234
323: 
324: 472
325: 212,299,245
326: 243,360,448,300,332
327: 164,241,213
328: 215,274,301,184,243
329: 478,418,507,422,565
330: 
331: 216,276,334
332: 305,326,448,419,420
333: 451,275,390,364
334: 276,331,243,360
335: 302,220,276
336: 246,275,424,307
337: 281,366,278,280,423,338
338: 367,369,281,337,423
801: 745,781
340: 280,423,367,371,197
341: 251,198,144,254,168
342: 227,149,316
343: 460,313,490,314,315
344: 403,399,376,405,291,400
345: 258,260,372,201,176
346: 315,149,316,258,232,374
347: 522,524,289
348: 466,584
349: 525,551,433,437
350: 
351: 408,467
352: 287,263,407
353: 385,416
354: 443,355,356
355: 356,354
356: 355,354
357: 299,239,86
358: 476,303
359: 448,300,301,478
360: 243,326,334
361: 304,223
362: 596,483,450,446,541
363: 306,510,449,277
364: 390,333,275
365: 366,425,307,426
366: 281,365,425,337,307
367: 338,340,423,371,431
368: 484,309,458
369: 338,281,309,310
370: 431,312,284
371: 197,340,367,431
372: 260,345,405,232
373: 227,283
374: 232,346,313,403
375: 522,464
376: 399,344,492,400,464
377: 406
378: 
379: 290,131,208,209
380: 262,321
381: 580,289,523
382: 234
383: 443
384: 297
385: 298,353
386: 416,270
387: 184,303
388: 413,560,529,447
389: 218,243
390: 364,477,305,220,333
391: 449,424,393
392: 453,624,541,511,485
393: 394,277,391,426
394: 393,277,511,452,426
395: 222,248,196
396: 398,459,460,432
397: 489,458,455,482
398: 396,459,401,493
399: 403,376,344,432
400: 319,376,344,464
401: 493,402,398,515
402: 401
403: 399,344,313,374
404: 179,436
405: 232,372,344,291
406: 515,377
407: 264,352,263
408: 467,351
409: 527,524,435
410: 
411: 
412: 639,666,417
413: 388,529
414: 445,417,613
415: 613,471,560
416: 386,353,303
417: 414,613,412,501
418: 478,329,419,422
419: 420,448,418,332
420: 419,332,306
421: 473,507
422: 329,418,565,510
423: 280,340,337,367,338
424: 307,275,391,336
425: 281,366,365,426,309
426: 452,393,394,365,425
427: 517,575,429
428: 575,545,429,488
429: 428,575,427,488,573
430: 312,457,310
431: 370,367,371
432: 492,515,396,399
433: 463,349,525
434: 659,709
435: 438,524,409
436: 208,404,292
437: 551,518,349,550
438: 435
439: 470,497,440
440: 439
441: 
442: 
443: 354,383,500
444: 529,476
445: 414,533,475
446: 479,450,510,362
447: 529,388
448: 300,359,326,332,419
449: 451,391,363,306
450: 479,540,446,362
451: 333,449,306
452: 426,394,511,485
453: 392,624,508,485,516
454: 489,458,575,545
455: 516,458,397,482
456: 482,572
457: 312,430,545
458: 489,454,397,455,368
459: 314,461,398,396
460: 343,313,314,396
461: 284,314,311,459
462: 549,602
463: 551,433
464: 375,522,376,400
465: 
466: 348,584
467: 408,351,468
468: 467,318
469: 554,494,527
470: 439
471: 415
472: 324
473: 421,533
474: 557,639
475: 533,445,620
476: 358,444
477: 305,390
478: 329,418,359
479: 565,450,510,446
480: 561,531,594,567
481: 673,646,535,623
482: 456,455,397
483: 596,362,649,569
484: 310,368,309
485: 392,453,452
486: 656,572,512
487: 595,648
488: 571,428,429,573,547
489: 458,454,397,575
490: 284,314,343
491: 577,519,551,518
492: 515,432,376
493: 401,571,398
494: 581,635,469,554
495: 555
496: 527
497: 439
498: 583
499: 611
500: 443
501: 503,417,620
502: 
503: 501
504: 531,594,564
505: 506,530
506: 505,540,564
507: 530,421,329
508: 538,453,624,516
509: 540,595,649
510: 479,565,422,363,446
511: 394,277,392,452
512: 539,572,486
513: 645,695,562,536
514: 570,656,629
515: 492,432,401,406
516: 455,453,508
517: 427,544,573,603
518: 579,659,491,437
519: 577,520,491,552
520: 577,574,519,521
521: 604,627,603,574,520
522: 375,464,347,289
523: 525,381,581
524: 580,289,347,435,409
525: 349,523,433,581
526: 632,608,635,605
527: 496,409,580,469
528: 
529: 444,413,388,447
530: 507,505
531: 561,480,641,504
532: 620,563
533: 475,445,473
534: 667,643,616
535: 481
536: 562,647,513
537: 735,691,590
538: 508,569,596,624
539: 512,600,542,568
540: 509,506,450
541: 392,624,362
542: 568,673,539,600
543: 600,676
544: 628,517,598,603,604
545: 428,575,454,457
546: 655,652,723
547: 573,603,488,552
548: 682,705,657,606
549: 462,679,705,657
550: 610,607,437,659
551: 463,437,491,349
552: 547,519
553: 
554: 469,494,635,578
555: 495
556: 
557: 474
558: 612,615
559: 668,716,642,614
560: 388,415
561: 480,531,641,691
562: 696,647,650,536,513,672
563: 532,620
564: 595,506,504
565: 479,510,329,422
566: 648,669,593
567: 669,480,594
568: 542,569,539
569: 538,596,483,568
570: 514,599,629,654
571: 488,282,493
572: 656,486,512,456
573: 547,603,429,517,488
574: 577,520,521,627,602
575: 428,545,429,489,454,427
576: 705,728
577: 574,520,491,519
578: 608,554,584
579: 518,659
580: 524,381,527
581: 494,635,525,523,607
582: 584
583: 498
584: 582,578,466,348
585: 
586: 
587: 640,668
588: 612
589: 617,616,641
590: 591,670,735,537,690
591: 590,715,690
592: 619,695
593: 621,623,566
594: 504,480,567
595: 564,509,649,487
596: 483,362,624,538,569
597: 721,699,675,722,601
598: 628,544
599: 701,570,654
600: 539,542,673,543
601: 622,676,675,699,597
602: 462,627,652,574
603: 573,547,517,544,521
604: 521,627,544,680,655
605: 636,686,526
606: 657,548,709
607: 550,610,581,632
608: 526,635,578,663
609: 703,729,710
610: 550,607,632
611: 499,688
612: 588,558
613: 415,414,417
614: 642,756,559,716
615: 558
616: 617,589,534,667
617: 589,616,642
618: 718,645,672
619: 592,735,691,669,695
620: 532,501,563,475
621: 593,647,646,653
622: 601,699,701
623: 648,593,481,646
624: 392,453,541,596,538,508
625: 721
626: 676
627: 521,604,574,602
628: 544,680,656,598
629: 514,570,654
630: 700,725
631: 727,706,707
632: 526,610,607,635
633: 663,636,660,685
634: 684,660
635: 494,581,526,632,608,554
636: 605,686,660,633
637: 
638: 
639: 412,474,666
640: 587,668
641: 589,561,531
642: 670,614,559,617
643: 534
644: 754
645: 513,618,672
646: 481,623,621
647: 696,562,536,621,653
648: 623,566,487
649: 509,595,483
650: 696,562,755,672,719
651: 697,698,789
652: 546,723,679,602
653: 739,621,696,647,675
654: 744,570,599,629
655: 546,680,604
656: 572,486,514,628
657: 705,549,606,548
658: 782,783
659: 579,518,434,550
660: 634,636,633
661: 727,729,710
662: 
663: 633,608
664: 
665: 
666: 639,412
667: 534,616
668: 559,640,587,716
669: 567,619,566
670: 642,756,590
671: 712,718
672: 755,645,618,562,650
673: 481,542,600
674: 722,739,721,697
675: 653,601,597
676: 601,626,543
677: 704,702,678,724
678: 701,677
679: 723,652,549,705
680: 628,655,604
681: 747,743,704,730,793
682: 548,727,709
683: 723,747,743
684: 634,709
685: 633
686: 636,605
687: 
688: 611
689: 
690: 695,735,590,591
691: 735,537,561,619
692: 774,755
693: 
694: 
695: 690,513,735,619,592
696: 562,647,650,739,653
697: 698,651,674,721,720
698: 697,651,742,720
699: 721,597,722,601,622
700: 630,707,793,706
701: 599,622,678
702: 704,677,744,743
703: 609
704: 702,677,765,743,681
705: 576,657,679,549,548
706: 793,700,707,631
707: 700,706,631,726
708: 
709: 606,434,682,684
710: 729,661,609
711: 748,750
712: 671,717
713: 
714: 
715: 756,591
716: 559,668,614
717: 712,736
718: 618,671
719: 650,755,739
720: 757,742,697,698
721: 699,597,722,674,697,625
722: 739,674,721,699,597
723: 683,679,546,652
724: 765,789,677,762
725: 730,763,630
726: 707
727: 661,631,682
728: 747,576
729: 710,661,609
730: 725,793,780,681
731: 784
732: 
733: 
734: 
735: 691,537,590,619,690,695
736: 770,717
737: 770,774
738: 797
739: 722,653,696,719,674
740: 772,798
741: 781,746
742: 757,720,698,760
743: 747,681,704,702,683
744: 654,702
745: 801,781
746: 741
747: 743,681,683,793,728
748: 711,750
749: 
750: 711,748
751: 767
752: 
753: 
754: 644
755: 672,650,692,719
756: 670,614,715
757: 742,720,758
758: 777,776,757
759: 776
760: 779,742
761: 779,781
762: 780,724
763: 725
764: 794
765: 724,704
766: 
767: 769,768,751
768: 767
769: 767
770: 736,737
771: 
772: 740
773: 775,797
774: 692,737
775: 773
776: 759,758
777: 758
778: 799
779: 760,761
780: 762,730
781: 741,761,745,801
782: 658
783: 658
784: 731
785: 
786: 
787: 
788: 
789: 651,724
790: 792,791
791: 790
792: 790
793: 730,747,681,706,700
794: 764,795
795: 794
796: 
797: 738,773
798: 740
799: 778