0: 
1: 
2: 
3: 
4: 
5: 
6: 
7: 33,9
8: 
9: 33,22,7,10
10: 53,9,22
11: 13
12: 
13: 11,26
14: 25,103,60,39
15: 32,114
16: 
17: 71,66,21
18: 21
19: 
20: 73,55,117,95
21: 18,55,71,17
22: 37,9,10
23: 36,53
24: 40
25: 14,27,43
26: 13
27: 101,25
28: 
29: 30
30: 29,47
31: 138,69
32: 15,112,54
33: 9,7
34: 
35: 
36: 23,94,38
37: 22
38: 56,96,94,36
39: 60,14,99
40: 24
41: 77
42: 43
43: 42,25
44: 
45: 100,81,128,62
46: 47,67
47: 46,30
48: 54,51
49: 138,70,68
50: 112,54,69
51: 70,48,71,55
52: 91,115,72,73
53: 10,23
54: 48,32,112,50
55: 21,71,51,20
56: 38,96,116,121
57: 125,173,146,123,98,174
58: 
59: 74,101
60: 14,39
61: 80,64
62: 84,45,100,152
63: 81,80,128
64: 61
65: 133
66: 17
67: 46,161
68: 72,141,138,49,142,89,140
69: 138,31,161,50
70: 51,49,72
71: 17,51,21,55
72: 141,68,70,115,52
73: 20,91,52,95
74: 59
75: 93,92,95,96,116
76: 120,79,77
77: 41,76,79
78: 98,174,124
79: 76,77,98
80: 61,63
81: 63,103,45
82: 150,152
83: 207,209,155
84: 62,152
85: 128
86: 108
87: 
88: 142,89,139,189,190
89: 142,88,138,68
90: 276,191,219
91: 115,52,73,92
92: 93,75,91,221,145,194
93: 75,92,122,145,116
94: 117,96,36,38
95: 117,73,20,75
96: 117,94,75,38,56,116
97: 123,225,119,146,198
98: 174,78,79,57
99: 102,124,39,100,150
100: 45,99,150,62
101: 27,59
102: 99,124,175
103: 14,81
104: 
105: 153
106: 
107: 
108: 86,185,111
109: 159,211,113,160
110: 
111: 136,108,185,186
112: 32,54,50
113: 186,109,160
114: 15
115: 91,52,72,141,143
116: 96,93,75,122,56
117: 95,96,94,20
118: 166,143,192,191
119: 253,122,97
120: 76
121: 56
122: 93,145,116,119
123: 97,172,146,173,57
124: 99,102,174,78
125: 173,57,174,202
126: 127,178,175,177,231
127: 126,231,176,205
128: 85,63,45
129: 
130: 181
131: 237
132: 210,242
133: 65,186
134: 242,187
135: 162,189,211,137
136: 111,187,186
137: 164,216,135,189,190
138: 49,31,69,89,68
139: 142,88,163,140,247
140: 142,139,68
141: 72,68,115,143
142: 88,89,139,68,140
143: 166,141,118,115
144: 249,171,170,195,199,224
145: 194,171,93,92,122
146: 123,97,57
147: 286,284,255,229,200
148: 199,251,224,225,253
149: 257,342,285,201
150: 82,99,175,100
151: 
152: 153,82,84,62
153: 152,205,105,180
154: 179,291,235,262
155: 83,207
156: 
157: 
158: 
159: 109,211,188
160: 113,109
161: 67,69
162: 135,189
163: 190,165,139,247
164: 137,216,213,245
165: 218,163,167,247,276
166: 143,221,118,192,191
167: 217,220,218,165,244,276
168: 223,364,337,169,252,278
169: 337,196,195,168,199
170: 194,171,221,192,249,144
171: 145,194,170,144,253,224
172: 123,226,198,173,228
173: 125,57,123,172,228,202
174: 98,78,125,57,124
175: 102,150,126
176: 231,204,127,205,261
177: 203,285,178,126,231
178: 177,126
179: 154,287,291,288,290,262
180: 207,153
181: 294,130
182: 294
183: 
184: 270,327
185: 108,111
186: 113,111,136,133
187: 136,134
188: 216,159,272,271
189: 162,135,137,88,190
190: 218,163,189,137,88
191: 192,118,90,166
192: 191,118,166,221,170,249
193: 244,246,276,219,308
194: 145,171,170,221,92
195: 248,144,199,169
196: 337,169,199,251,254,283
197: 255,283,279,227,313,284
198: 254,226,225,97,172
199: 251,148,224,144,195,196,169
200: 229,286,147,203,257
201: 258,232,342,149,230
202: 228,125,173,203
203: 285,177,200,202
204: 230,256,176,261,233
205: 127,176,153
206: 236,234,237
207: 83,180,155
208: 262
209: 235,261,83
210: 132
211: 109,159,135
212: 214,385,325
213: 245,273,216,215,271,164
214: 212,238
215: 271,327,300,213,273
216: 188,271,137,164,213
217: 220,167,244,246,361
218: 190,165,220,167
219: 90,193,308,248
220: 217,167,389,218
221: 166,192,92,194,170
222: 308,250,248,223,365
223: 248,168,222,364,365
224: 199,148,171,144
225: 253,148,97,198
226: 254,198,172,255,228,229
227: 312,371,313,280,197,279
228: 229,202,172,226,173
229: 228,200,226,147
230: 231,256,204,201
231: 230,176,177,126,127
232: 258,201,256,233
233: 260,291,256,204,232,261
234: 318,236,206
235: 209,154
236: 206,234,264,378
237: 131,206
238: 295,214
239: 268
240: 295
241: 
242: 134,132
243: 302,301,303,358,332
244: 193,246,276,217,167
245: 213,389,164
246: 193,244,276,217,361,304,308
247: 139,165,163
248: 223,195,219,222,249
249: 144,192,170,248
250: 277,304,308,222,365
251: 199,148,196,254
252: 337,168,278
253: 225,119,171,148
254: 226,198,251,196,255,283
255: 197,283,254,226,147,284
256: 230,204,232,261,233
257: 315,149,200,286
258: 232,201,342,316,319,320
259: 260,320,287
260: 233,291,259,287
261: 256,204,176,233,209
262: 290,154,179,208
263: 380,382,265
264: 322,378,382,236
265: 352,382,263
800: 741
267: 
268: 239,325
269: 385,353
270: 184,327,326
271: 272,215,327,188,216,213
272: 271,327,188
273: 213,215,300,274
274: 302,273,389
275: 306,361,305,335
276: 193,244,246,165,167,90
277: 250,306,333,366,307
278: 338,168,364,252,309
279: 197,283,337,227
280: 338,396,371,227,282
281: 457,397,368,340,430
282: 280,312,371,370,431
283: 255,197,279,196,254
284: 286,147,255,197,313
285: 203,177,149
286: 147,284,341,200,315,257
287: 179,260,291,259,288
288: 179,287,379
289: 347,436,435,375
290: 318,262,179,379
291: 233,260,154,179,287
292: 438,351,407
293: 
294: 181,182
295: 238,240
296: 324,297,383
297: 324,296
298: 357,415,354
299: 386,355,326
300: 215,273
301: 243,328,358
302: 243,274,389,331,332
303: 358,329,243,330,332,477
304: 306,246,308,250
305: 331,332,360,275,335
306: 275,304,335,277,333
307: 366,277,395
308: 222,193,246,304,219,250
309: 310,396,278,338
310: 309,367,425,454,426
311: 346,431,314,370,400
312: 371,227,313,282,343,314,370
313: 312,227,197,284,343
314: 343,370,312,311
315: 257,342,286,341,373,316
316: 372,315,342,258,319,317
317: 344,319,372,316,345,404
318: 290,234,379,321,378
319: 344,317,316,258,320
320: 258,344,319,259
321: 379,407,318,378
322: 264,382,408
323: 
324: 297,296
325: 385,212,268
326: 328,270,386,299
327: 272,215,271,184,270
328: 326,301,358
329: 303,358,356,476,330
330: 476,448,303,329,477
331: 305,302,332,361
332: 477,360,243,302,303,331,305
333: 366,336,306,335,277
334: 451,391,362,390,363
335: 390,305,275,306,333
336: 333,366,392,363
337: 196,169,252,168,279
338: 278,280,309
801: 700,704,763,745
340: 430,396,281
341: 286,343,315,373
342: 315,149,316,258,201
343: 314,312,313,341
344: 319,317,320
345: 374,403,372,400,317,404
346: 431,311,398,399,400,374,432
347: 289,436,435
348: 409,524,438
349: 406
350: 410,411,469
351: 292,438,408
352: 265
353: 354,357,269,355
354: 353,298,357,415
355: 386,299,353
356: 416,418,358,329,476
357: 298,385,353,354
358: 303,329,328,356,243,301
359: 477,360,449,362
360: 332,359,305,362,390
361: 275,217,331,246
362: 449,360,359,390,334
363: 392,390,334,451,336
364: 365,223,168,278
365: 364,222,250,223
366: 333,336,307,277,392,424
367: 395,424,425,310
368: 426,369,454,281,489
369: 426,368,455,454,456
370: 314,312,282,431,311
371: 312,227,280,282
372: 316,400,345,317
373: 400,341,315
374: 345,403,346,400,432
375: 289,435
376: 404,405
377: 409,524,496
378: 264,318,321,236
379: 321,407,288,290,318
380: 263
381: 553
382: 264,322,263,265
383: 296,415
384: 415,529
385: 269,325,212,357
386: 355,299,414,326,416
387: 444,447,388
388: 414,413,387
389: 245,302,274,220
390: 335,360,362,334,363
391: 334,451,420,509
392: 393,363,366,336,424,423
393: 392,422,481,423,394
394: 423,455,393,481,485
395: 367,307
396: 309,280,340
397: 457,281,428,489,488
398: 346,431,399
399: 490,459,346,398
400: 372,373,346,311,374,345
401: 492,518,515,402
402: 460,492,401,463
403: 374,345,432,404,405,465
404: 376,405,345,403,317
405: 376,404,403,522,465
406: 349,437,496
407: 379,321,292
408: 351,322
409: 524,377,436,348
410: 411,350
411: 410,469,350
412: 557,588,502
413: 529,388
414: 388,386,416
415: 384,383,298,354
416: 356,386,414,418
417: 532,531
418: 356,416,476
419: 478,421,530,448,479
420: 508,509,391,538
421: 478,419,530,507,560
422: 393,451,481
423: 455,425,394,392,393,424
424: 367,366,392,423,425
425: 423,455,454,367,424,310
426: 369,368,454,310
427: 456,516,458,489
428: 545,458,489,488,461,397
429: 547,515,488,461,490,459
430: 340,457,281
431: 346,311,398,282,370
432: 460,346,374,403,465
433: 493,552,434,437,492
434: 493,433,552
435: 347,289,375
436: 347,289,409
437: 433,552,406
438: 292,351,348
439: 470
440: 
441: 
442: 586
443: 502,472
444: 447,387,475,445
445: 473,505,444,475
446: 449,448,479
447: 444,387
448: 330,419,530,446
449: 446,362,359
450: 565,510,480,563,567
451: 334,391,422,363
452: 481,453,485,511
453: 540,541,452
454: 455,425,310,426,369,368
455: 423,425,394,454,485,369
456: 427,516,484,369
457: 281,397,430,488,490
458: 428,545,427,544
459: 490,399,515,429
460: 402,432,465,463
461: 428,545,488,547,429,519
462: 517,577,491,518
463: 522,465,402,460,492
464: 580,496,523,554
465: 522,463,403,460,432,405
466: 581,495,527
467: 584,555
468: 
469: 411,350
470: 439
471: 472
472: 471,443
473: 445,505,475,506
474: 
475: 444,473,445
476: 330,356,418,329
477: 332,359,303,330
478: 421,419,507,479
479: 478,419,446,510
480: 564,563,450,567,483
481: 452,393,422,394
482: 485,484,511,487,516,512
483: 648,535,564,480
484: 485,482,456,516
485: 482,484,452,455,394
486: 598,539,487,570
487: 511,541,482,486,514,512
488: 428,461,457,397,490,547,429
489: 428,368,427,397
490: 399,459,457,488,429
491: 603,519,462,520
492: 401,402,463,493,433
493: 433,434,492,518
494: 551,632,554
495: 553,466,527
496: 406,377,464
497: 
498: 
499: 555,582,556,584
500: 
501: 588
502: 443,412
503: 558,615
504: 506,533,561
505: 473,445,532,533
506: 507,560,504,473,533
507: 506,560,478,421,565
508: 420,538,569
509: 420,510,391,538
510: 450,565,479,509,538,567
511: 487,452,541,482,512
512: 514,573,482,511,487,516
513: 593,536,564,562,648
514: 573,512,487,542
515: 547,429,459,401
516: 456,427,482,484,573,512
517: 462,577,521,520
518: 401,462,577,493
519: 491,603,461,547
520: 705,491,602,517
521: 606,705,517,577,549
522: 465,463,405
523: 551,552,464,554
524: 409,377,348
525: 550,549,579
526: 581,578,660,608
527: 555,466,495
528: 
529: 413,384
530: 421,419,448
531: 534,417,532,690,616
532: 690,417,505,531,533
533: 505,532,690,506,504
534: 531,641,587,643
535: 483,569,596
536: 513,595,593,618,594
537: 618,669,619
538: 569,567,510,508,420,509
539: 596,624,486
540: 453,541,568
541: 540,453,511,487
542: 599,570,514
543: 649,675
544: 575,572,571,545,458,603
545: 428,458,461,544,603
546: 654,627,599,571
547: 515,429,488,461,519
548: 657,606,631,682,550
549: 577,521,525
550: 525,606,548
551: 494,523,552
552: 433,434,437,551,523
553: 495,381
554: 494,523,464
555: 527,582,584,467,499
556: 582,607,637,499
557: 412
558: 585,503
559: 587,666
560: 506,507,421
561: 504,563,592
562: 592,564,563,513
563: 564,480,561,450,562
564: 480,563,562,648,483,513
565: 450,510,507
566: 648,593,596,624,621
567: 538,569,450,510,480
568: 540,596
569: 538,567,508,535
570: 542,486,598
571: 544,575,572,546
572: 544,571,573
573: 514,512,516,572
574: 603,575,627,602
575: 544,571,627,603,574
576: 631,682,656,606,705
577: 517,462,518,521,549
578: 526,635,659
579: 635,632,525
580: 464
581: 526,466,608
582: 607,608,556,555,499
583: 685,661,638
584: 467,555,499
585: 558
586: 442
587: 559,534,667,643
588: 412,501
589: 670,617,590,669
590: 667,643,617,614,589,642
591: 619,671,618,695,647,645
592: 562,561,620
593: 513,595,536,566,621
594: 646,647,595,536
595: 593,536,594,621,650
596: 539,624,566,535,568
597: 675,651,622
598: 486,570
599: 542,546,600
600: 676,599,601,654
601: 622,626,676,600
602: 628,574,705,520
603: 491,574,519,545,544,575
604: 628,627,652,656
605: 633,635,659
606: 521,705,631,576,550,548
607: 582,608,556,637
608: 582,607,526,581
609: 731,634
610: 660,637
611: 636,688
612: 689
613: 639,666
614: 693,694,667,590,642
615: 641,666,503
616: 620,690,531,617
617: 590,643,616,589
618: 537,591,619,536
619: 591,671,669,537,618
620: 669,616,592
621: 649,566,595,593,650
622: 601,597,651,626
623: 673,674,650,675,699
624: 596,539,566,649
625: 678,626,651,653
626: 625,601,622,676,680
627: 546,575,574,604
628: 604,602,656,705
629: 680,702,676,723
630: 709,684,682,727,706,657
631: 682,576,606,705,548
632: 635,579,494
633: 605,684,634
634: 633,684,609
635: 632,579,605,659,578
636: 611
637: 610,660,607,556
638: 583
639: 613
640: 
641: 615,666,534
642: 670,590,694,614,715
643: 667,590,587,534,617
644: 694
645: 672,718,591,756,695,647
646: 647,594,672,673,650
647: 646,594,591,645
648: 566,483,564,513
649: 621,543,624,650
650: 673,623,595,646,621,649
651: 699,653,597,622,625
652: 676,723,654,604
653: 699,651,720,625,701
654: 546,652,600
655: 706,683,727
656: 683,604,628,705,576
657: 548,682,630
658: 728,767
659: 605,635,578,686
660: 610,526,637
661: 583
662: 664
663: 685,686
664: 662
665: 691
666: 615,641,613,559
667: 590,643,587,614
668: 691,753,716
669: 620,670,589,537,619
670: 589,642,669,671
671: 591,619,670,695
672: 718,737,738,645,646,673,696
673: 623,674,650,646,672,696
674: 673,623,720
675: 597,543,623,699
676: 652,723,600,601,626,629
677: 697,698,701
678: 625,701,680
679: 
680: 629,702,678,626
681: 707,725,726
682: 631,576,727,657,548,630
683: 656,655
684: 630,633,634
685: 583,663
686: 659,663
687: 750,732
688: 611
689: 612
690: 532,531,533,616
691: 668,665,693
692: 733
693: 694,614,691
694: 693,644,614,642,715
695: 735,756,591,671,645
696: 721,672,738,673
697: 677,721
698: 761,701,677
699: 651,653,720,623,675
700: 801,704,724,744
701: 698,653,677,678
702: 629,680,724
703: 725,765,707,766
704: 801,700,744,743,747
705: 521,606,520,628,602,656,631,576
706: 655,726,727,709,630
707: 730,766,681,725,703
708: 710,731
709: 630,726,706,728
710: 708,711
711: 750,710
712: 771,754
713: 
714: 733,734
715: 694,642
716: 668
717: 770,757,736,775,776
718: 672,737,645,756
719: 737,738,739,757
720: 699,653,674
721: 696,697
722: 758
723: 652,676,629
724: 744,761,702,700
725: 743,707,681,703
726: 706,681,709,728
727: 682,655,706,630
728: 658,726,730,709
729: 748
730: 707,766,728
731: 609,708
732: 750,687,752
733: 714,692
734: 714
735: 756,695,755
736: 755,770,717
737: 672,718,738,770,739,719
738: 672,737,739,696,719
739: 770,757,737,738,719
740: 
741: 800,797
742: 762,789,779,760,745
743: 765,747,744,704,725
744: 724,700,704,743
745: 778,763,742,779,801
746: 765,747,781,749
747: 743,765,704,746
748: 729,784
749: 746,784
750: 711,732,687
751: 
752: 732
753: 668
754: 772,712,776
755: 736,735,770
756: 735,695,718,645
757: 739,717,719,774
758: 759,722,760
759: 758,779,760
760: 779,758,759,789,742
761: 698,762,724
762: 789,742,761
763: 745,801,793
764: 
765: 743,747,703,746
766: 707,730,703
767: 658
768: 
769: 
770: 739,717,755,736,737
771: 712
772: 754
773: 775
774: 757,775
775: 773,776,717,774
776: 775,754,717
777: 797,788
778: 745,779
779: 760,759,742,778,745
780: 793,781,792
781: 780,746
782: 
783: 
784: 749,748
785: 
786: 
787: 
788: 777
789: 762,742,760
790: 792
791: 796
792: 790,793,780
793: 780,763,792
794: 
795: 799
796: 791
797: 777,741
798: 
799: 795