0: 
1: 
2: 
3: 
4: 
5: 
6: 17
7: 9
8: 
9: 22,7
10: 24,74,40
11: 13,58
12: 
13: 11
14: 25,27,60,103
15: 114
16: 
17: 6
18: 21,55,35,20,37
19: 
20: 94,18,55,117
21: 18,55,37
22: 9
23: 53,36,35,94,38
24: 10,40
25: 14,27
26: 
27: 101,41,60,14,25
28: 
29: 30
30: 29,87,47
31: 138,69,89
32: 54
33: 
34: 
35: 94,37,18,53,23
36: 23,38,120
37: 35,18,21
38: 56,120,36,23
39: 81,103,99,150
40: 10,24
41: 27,101,59
42: 43
43: 42,80
44: 129
45: 81,128,100,62
46: 47,133
47: 65,30,46
48: 71,66,54
49: 50,69,68,70
50: 69,112,54,49
51: 71,72,70,52
52: 91,51,72,73
53: 23,35
54: 32,50,48
55: 18,21,73,20
56: 38,120
57: 98,125,123,174
58: 11
59: 101,41
60: 78,27,14
61: 64
62: 84,45,152
63: 85
64: 61
65: 47,133
66: 48
67: 
68: 72,70,138,49,140,141
69: 50,161,49,31
70: 68,72,49,51
71: 48,51
72: 68,115,70,51,52
73: 55,52
74: 10
75: 93,92,145,96
76: 79,120
77: 79
78: 60,98,99,124
79: 76,77
80: 43,103
81: 45,39,128
82: 150,100,175
83: 235,208,155
84: 62,106
85: 63
86: 
87: 30
88: 142,89,162,189
89: 142,88,162,138,31
90: 247,118,276,191
91: 52,115,143,92
92: 93,75,145,91,221
93: 75,92,145,116,122
94: 35,20,117,23
95: 117,96
96: 117,95,75
97: 172,225,119,146,198,123
98: 57,78,124
99: 124,78,39,150
100: 150,82,45
101: 27,41,59
102: 124,174,175
103: 14,80,39
104: 105,207,151
105: 104,180,152,153
106: 84
107: 
108: 111
109: 187,159,113,135
110: 
111: 136,108
112: 50
113: 186,109,187,160
114: 15
115: 72,141,91,143
116: 122,93
117: 95,96,20,94
118: 163,139,90,166,191
119: 253,122,146,97
120: 38,56,36,76
121: 146
122: 116,93,145,119,253
123: 125,173,172,97,57
124: 99,102,78,98,174
125: 173,123,202,174,57
126: 231,175,177
127: 231,205
128: 45,81
129: 44
130: 181
131: 206,237
132: 242,134
133: 65,46
134: 242,132
135: 162,109,211
136: 111,186,187
137: 189,164,190
138: 31,142,89,68,140
139: 163,118,140,141,142
140: 139,141,138,142,68
141: 139,140,68,115
142: 88,89,138,163,139,140
143: 166,192,221,115,91
144: 224,249,195,170,171,194
145: 93,75,92,122
146: 121,119,97
147: 228,229,286,284,200
148: 199,251,171,224,225,253
149: 201,257,342,230
150: 100,82,99,39
151: 104,207
152: 153,62,105
153: 152,105,180
154: 179,291,290
155: 83,208
156: 181,294
157: 210
158: 183
159: 109,187,188,211
160: 113
161: 69
162: 135,189,88,89
163: 118,139,142,165,247
164: 213,137,216,190,245
165: 190,218,163,247
166: 143,192,118,191
167: 276,244,218,220,247
168: 337,169,252,278
169: 248,223,195,199,337,168
170: 194,192,221,144,249
171: 194,224,144,253,148
172: 97,226,198,173,123
173: 125,123,202,172,228
174: 125,57,124,102
175: 126,102,82
176: 230,256,231,204
177: 178,231,126
178: 202,177,203
179: 154,287,379
180: 105,207,153
181: 130,156,294
182: 294
183: 158
184: 270,327
185: 
186: 113,136,187
187: 109,159,136,113,186
188: 211,159,271,216
189: 137,162,88
190: 218,165,137,164,245
191: 219,118,90,166,192
192: 166,143,221,219,191,170
193: 276,304,308
194: 170,171,221,144
195: 224,144,249,248,169,199
196: 199,251,337,254,283,279
197: 255,279,227,313,284
198: 254,226,225,251,172,97
199: 251,196,148,224,195,169,337
200: 315,257,147,286,285
201: 258,232,149,342,230,256,233
202: 125,173,228,178,203
203: 285,202,178
204: 209,261,176,256,233
205: 127,209
206: 234,262,131,237,236
207: 104,180,151
208: 235,83,155
209: 204,205,235
210: 240,157
211: 188,159,135,216
212: 325
213: 164,274,215,216
214: 
215: 272,271,300,213,273
216: 188,211,213,164
217: 220,389,361,246
218: 190,165,220,245,167
219: 191,192,249
220: 217,389,245,218,244,167
221: 143,192,92,170,194
222: 308,248,223,365
223: 248,169,222
224: 144,195,171,199,148
225: 253,251,148,97,198
226: 254,283,198,172,228,229
227: 197,279,252,280,313
228: 229,147,226,173,202
229: 228,147,226,255
230: 176,256,201,149
231: 127,126,177,176
232: 258,201,233,260,320
233: 260,256,232,201,204,261
234: 318,290,206,378,236
235: 208,209,83
236: 234,206,378,264
237: 131,206
238: 
239: 268
240: 210
241: 242
242: 134,132,241
243: 302,273,301,328,358
244: 276,167,220,246
245: 220,389,164,190,218
246: 275,306,304,217,361,244
247: 90,165,163,167
248: 223,169,222,249,195
249: 144,195,219,170,248
250: 277,306,304,308
251: 199,196,148,225,254,198
252: 278,168,227,280
253: 225,119,171,122,148
254: 226,283,198,251,196
255: 197,279,283,229,284
256: 230,176,201,204,261,233
257: 315,200,342,285,149
258: 232,201,342,316,319
259: 288,320,260,287
260: 233,287,232,259,320
261: 204,256,233,291
262: 290,206
263: 380
264: 378,236
265: 352
800: 741,796
267: 
268: 239,385,325
269: 385,355
270: 184,299,327,300,326
271: 272,215,188
272: 215,271,327,300
273: 243,215,300,301,274
274: 213,302,273,389
275: 306,246,305,335
276: 244,167,193,90
277: 250,365,307
278: 252,338,364,168
279: 255,197,227,196,337,283
280: 371,313,252,338,227,282
281: 457,426,368,340,430
282: 370,340,338,396,280,371
283: 254,226,196,255,279
284: 286,341,255,197,147
285: 203,257,200
286: 341,284,147,315,200
287: 260,259,288,179
288: 259,287,375,435
289: 375,435
290: 318,234,262,154,379
291: 261,154
292: 438,347
293: 
294: 182,181,156
295: 
296: 298,324
297: 324
298: 296
299: 386,355,270,326
300: 326,301,270,272,215,327,273
301: 300,326,328,243,273,358
302: 243,274,389
303: 358,477,356,330,329
304: 306,246,193,308,250
305: 332,331,275,390
306: 275,304,246,335,250
307: 365,277,366,395
308: 222,193,304,250
309: 310,396,395,367,338
310: 396,309,367,425,426,454
311: 312,314,371,370,431
312: 343,311,371,313,341
313: 280,371,197,227,312
314: 343,311,373,400
315: 257,200,342,286,316
316: 372,315,342,258,319
317: 344,319,372,345,403,404
318: 234,290,379,378,321
319: 344,317,372,316,258
320: 259,232,344,260
321: 378,407,379,318
322: 382,408,351
323: 
324: 297,383,296
325: 385,212,268
326: 300,301,270,299,328,416
327: 272,184,270,300
328: 416,356,326,301,243,358
329: 330,476,356,418,303
330: 448,329,476,303,477,446
331: 361,332,305
332: 305,360,477,331,359
333: 366,336,335,390
334: 363,362,449,451,391
335: 390,275,306,333
336: 333,390,392
337: 168,169,199,196,279
338: 278,396,309,280,282
801: 700,762,742,745,763
340: 430,282,396,281
341: 286,284,312,343
342: 315,257,316,258,201,149
343: 312,314,341,373
344: 319,317,404,320
345: 374,400,372,317,403
346: 399,398,374,400,432
347: 436,409,292
348: 468,409
349: 377,406,522,376
350: 411,351,469
351: 438,322,350
352: 265
353: 357,354,384,413,386,355
354: 353,357,415,384
355: 386,299,269,353,357
356: 328,416,418,303,358,329
357: 353,354,355
358: 303,301,328,356,243
359: 449,446,477,332,360
360: 332,449,359,390,362
361: 331,217,246
362: 334,360,390
363: 334,451,392,422
364: 365,278
365: 364,307,222,277
366: 333,307,395,424
367: 395,424,425,310,309
368: 426,369,281,397,489
369: 426,454,368,455,484
370: 430,282,371,311,431
371: 280,313,370,282,312,311
372: 373,316,345,319,317
373: 372,314,343,400
374: 345,400,346,460,432
375: 288,289
376: 405,349
377: 349,406,496,524
378: 321,318,234,236,264
379: 179,318,290,321,407
380: 263
381: 553
382: 322
383: 472,324
384: 529,413,415,353,354
385: 269,325,268
386: 355,299,353,414
387: 501,388,444
388: 387
389: 217,220,245,274,302
390: 335,305,360,362,333,336
391: 451,449,509,334
392: 393,422,363,336,423
393: 392,422,394,481,423
394: 481,393,423,455,452,485
395: 367,366,307,309
396: 310,309,338,340,282
397: 457,490,368,428,489,488
398: 399,430,490,346,431
399: 429,459,398,346,432
400: 374,345,314,346,373
401: 492,518,459,515,547,402
402: 460,432,459,492,401
403: 404,405,345,317,465
404: 403,344,317
405: 403,465,522,376
406: 377,349,433,437,496
407: 321,379,435
408: 322
409: 436,347,348
410: 411
411: 440,350,410
412: 588,502
413: 384,529,353
414: 386
415: 354,384
416: 328,356,326,418
417: 474,445,505,531
418: 416,356,329
419: 446,448,421,479
420: 451,538,508
421: 478,419
422: 392,393,363,451,481
423: 455,392,393,394,424
424: 367,366,423,425
425: 455,367,424,310,454
426: 369,454,368,310,281
427: 456,516,573,458,489
428: 545,458,489,397,461
429: 399,459,490,488,461,547
430: 370,340,457,281,431,398
431: 370,430,311,398
432: 402,460,346,399,459,374
433: 493,463,522,406,437
434: 549,552
435: 288,289,407
436: 347,409
437: 496,552,433,406
438: 292,468,351
439: 470
440: 411
441: 
442: 586
443: 502
444: 475,501,387,445
445: 474,417,444,505
446: 419,449,359,330,448
447: 478,530,475,560
448: 330,476,419,446
449: 359,446,360,334,391
450: 480,565,510,507,504,563
451: 420,391,334,363,422
452: 482,485,394,481,453,511
453: 540,541,508,481,452,511
454: 426,369,455,425,310
455: 423,425,394,485,369,454,484
456: 427,484,482,512,516
457: 281,490,397,430
458: 428,545,489,427,573,544
459: 429,399,547,402,432,401
460: 402,432,374,465
461: 547,519,428,545,488,429
462: 577,520,515,491,518
463: 465,492,493,433
464: 580,496,523
465: 463,522,460,403,405
466: 495,580
467: 527,555,584
468: 348,438
469: 470,350
470: 469,439
471: 
472: 383
473: 505,506
474: 417,445
475: 444,447,560
476: 330,448,329,530
477: 303,330,332,359
478: 447,421,507,560,565
479: 509,419,565,510
480: 450,510,564,563,483,567,648
481: 394,393,422,453,452
482: 452,485,512,511,456,484
483: 567,535,480,648
484: 456,455,482,485,369
485: 452,482,394,455,484
486: 570,598,539,487,542
487: 512,511,541,486,542
488: 490,397,429,461
489: 428,458,368,427,397
490: 457,397,488,429,398
491: 603,602,462,520
492: 401,402,463,493
493: 433,492,463
494: 523,551,632,554
495: 580,524,466,553
496: 437,377,406,524,464
497: 
498: 556,499
499: 498
500: 
501: 387,444
502: 443,412
503: 
504: 506,507,450,563
505: 532,531,417,473,445
506: 507,560,504,473,533
507: 506,560,504,478,450,565
508: 420,569,538,540,453
509: 479,510,391
510: 450,480,565,509,479,567,538
511: 512,487,453,541,452,482
512: 511,487,482,456,514,516
513: 566,593,536,624,621
514: 516,573,512,542,572
515: 547,519,401,518,462
516: 514,573,512,456,427
517: 520,606,549,521
518: 401,515,462,577
519: 461,515,547,545,603
520: 517,462,491,602,606
521: 548,525,517,550,606
522: 465,405,433,349
523: 494,551,580,464
524: 377,496,495
525: 548,579,521
526: 581,608
527: 555,467,608
528: 
529: 384,413
530: 476,447
531: 532,505,417,534
532: 505,531,690,533
533: 561,532,506
534: 690,643,641,531
535: 483,569,567,566,568
536: 594,593,537,513
537: 618,592,536
538: 569,567,510,420,508
539: 598,486,649
540: 453,568,541,569,508
541: 540,453,511,487
542: 599,487,570,486,514
543: 597,649,598,675
544: 575,572,573,545,458
545: 428,458,544,461,519
546: 571,627,654
547: 461,515,519,429,459,401
548: 525,579,521,550,631,633
549: 434,517,577
550: 606,705,631,548,521
551: 494,523,552
552: 437,434,551
553: 495,381
554: 635,632,494,581
555: 527,467,582,608,584
556: 637,582,607,498
557: 
558: 585,640
559: 587,613,666
560: 506,507,475,478,447
561: 533,620,563,592
562: 564,592,648
563: 564,504,561,450,480
564: 562,563,480,648
565: 450,510,478,507,479
566: 648,513,535,624
567: 483,569,538,535,480,510
568: 540,569,535,596
569: 567,538,535,508,540,568
570: 598,486,542,601
571: 546,627,599,575,572
572: 544,575,514,573,571
573: 514,516,427,458,544,572
574: 628,602,575,627,603
575: 544,572,571,627,603,574
576: 631,682,727,683,656,705
577: 462,518,549
578: 635,659
579: 548,525,605
580: 495,464,523,466
581: 554,526
582: 607,608,555,556
583: 685
584: 555,467
585: 640,558
586: 442
587: 559,665,667
588: 412
589: 670,642,590,617,669
590: 667,614,643,589
591: 671,695,618,647,645
592: 537,561,620,562
593: 595,594,536,513,650,621
594: 595,593,536,646,647
595: 594,593,646,650,621
596: 624,568
597: 543,675,651,622
598: 570,486,539,543
599: 542,571
600: 626,601,654,676
601: 600,570
602: 574,628,491,603,520
603: 491,575,519,574,602
604: 652,654,723
605: 659,634,579,633,635
606: 550,705,517,520,521
607: 582,660,556,637,610
608: 582,526,527,555
609: 686
610: 637,660,607
611: 637
612: 639
613: 639,559
614: 667,590,694,691
615: 666
616: 617,620,690
617: 616,669,589
618: 537,591,619
619: 669,670,618
620: 616,669,561,592
621: 650,649,513,595,593,624
622: 653,625,597,651,626
623: 673,674,699,720
624: 596,566,513,621
625: 653,622,678,680,626
626: 600,622,625,680,676
627: 546,571,575,574
628: 574,602,656,705
629: 702,652,676,723,679
630: 706,682,727,657
631: 682,576,657,550,705,548
632: 635,554,494
633: 657,548,684,605,634
634: 605,659,633,684
635: 578,632,554,605,659
636: 688
637: 556,610,607,611
638: 687
639: 613,612
640: 585,558
641: 666,643,534
642: 670,589,694,715
643: 534,641,667,590
644: 693,694,716
645: 647,591,695,756,718
646: 647,595,594,672,673
647: 646,645,591,594
648: 566,480,564,562,483
649: 621,539,543
650: 621,595,593,673
651: 699,675,597,653,622
652: 654,676,723,604,629
653: 622,625,678,699,651,701
654: 652,676,604,600,546
655: 681,683,727
656: 683,628,705,576
657: 631,682,630,633
658: 728,709,731,767
659: 605,686,634,635,578
660: 607,610
661: 708
662: 
663: 685
664: 
665: 668,587,691
666: 615,641,559
667: 590,614,587,643
668: 665,691
669: 617,620,670,589,619
670: 589,642,669,619,671
671: 591,695,670,715,735
672: 718,738,646,673,674,696
673: 623,674,646,672,650
674: 673,623,672,696,720
675: 699,651,597,543
676: 652,654,723,626,600,680,629
677: 697,701,698
678: 653,625,680,701
679: 723,629,702
680: 625,678,626,676,702
681: 655,707,726
682: 631,576,727,657,630
683: 656,655,576,727
684: 709,633,634
685: 583,663
686: 659,609
687: 711,750,732,638
688: 636
689: 
690: 534,532,616
691: 693,668,665,614
692: 733
693: 694,691,644,716
694: 693,644,614,642
695: 591,671,735,756,645
696: 721,738,672,674
697: 677,721
698: 762,677,761
699: 675,651,623,720,653
700: 801,704,762,724
701: 677,653,678
702: 629,680,724,679
703: 730,707,765
704: 700,743,744
705: 550,606,628,656,631,576
706: 630,726
707: 725,681,703,730
708: 661,710
709: 684,658,731
710: 711,750,708
711: 750,710,687
712: 733
713: 
714: 734
715: 642,671,735
716: 734,693,644
717: 736,776,770
718: 737,738,672,756,645
719: 757,739
720: 623,674,721,699
721: 696,720,697
722: 774,789,758
723: 652,676,604,629,679
724: 761,702,700
725: 744,707
726: 706,681,730
727: 682,576,683,655,630
728: 658
729: 748,769
730: 703,707,726
731: 709,658
732: 750,687
733: 712,692
734: 716,714
735: 756,715,671,695,755
736: 755,776,770,717
737: 718,738,756,739
738: 737,718,672,696
739: 770,737,719,757
740: 786
741: 759,779,800
742: 762,760,745,801
743: 704,763,747,793
744: 725,704
745: 760,778,742,801,763
746: 747,781,749,765
747: 746,743,793
748: 729,766,784
749: 765,746
750: 711,732,710,687
751: 769
752: 
753: 
754: 776,772
755: 736,735,770
756: 735,695,645,737,718
757: 719,739,774
758: 722
759: 779,741
760: 745,779,742
761: 762,698,724
762: 742,698,761,801,700
763: 745,801,743
764: 782
765: 749,746,703
766: 748
767: 658
768: 
769: 729,751
770: 739,755,736,717
771: 
772: 754
773: 774,775,797
774: 773,775,757,722
775: 773,774
776: 754,736,717
777: 797,788
778: 745,779
779: 760,778,759,741
780: 793,781,792
781: 793,780,746
782: 764,794
783: 
784: 748
785: 
786: 740
787: 797
788: 777
789: 722
790: 792,791,799
791: 796,790
792: 790,780
793: 780,781,743,747
794: 782
795: 799
796: 800,791
797: 787,773,777
798: 
799: 795,790