0: 
1: 
2: 
3: 
4: 
5: 
6: 
7: 
8: 11,9
9: 8
10: 
11: 8,27,22
12: 13,64
13: 64,12,44,26
14: 120,40,43
15: 71
16: 
17: 51,91
18: 36,21
19: 
20: 249,68,118,248,193
21: 36,18
22: 24,11
23: 27,53,24
24: 22,23,93,35
25: 100
26: 44,13
27: 23,11
28: 
29: 
30: 185
31: 67
32: 34,66
33: 
34: 32
35: 76,93,24
36: 18,21
37: 
38: 
39: 62,175,150,146,124,128
40: 61,14,43
41: 76,77
42: 60
43: 40,61,14
44: 26,13,63,58
45: 126
46: 
47: 
48: 89
49: 95,167,72
50: 132,134,109,113
51: 17,143,221
52: 165,88,89,161
53: 94,23
54: 
55: 70
56: 70,140,96,79
57: 172,203,123,99
58: 44
59: 97,122,121,225
60: 42,100
61: 40,74,43
62: 39,175,125,85
63: 44
64: 13,12
65: 211
66: 32
67: 31,69
68: 138,96,118,249,20
69: 67
70: 140,56,167,55
71: 15,161
72: 49,244,138
73: 75,91
74: 61
75: 91,73,79
76: 41,35,93
77: 41,121,150
78: 225,102,123,125
79: 75,56
80: 
81: 105
82: 
83: 155,131,262
84: 
85: 62,175
86: 353,357,271,270,386
87: 
88: 165,52,161
89: 161,48,52
90: 163,115
91: 75,17,73
92: 98,117,253,171,192,170
93: 24,76,35
94: 53
95: 49,167
96: 68,138,140,56,249
97: 122,59,116,98,117,121
98: 92,117,171,116,97
99: 123,125,57
100: 60,25
101: 174,103,150
102: 225,78,123
103: 174,101
104: 231
105: 81
106: 
107: 
108: 
109: 327,113,132,50,241
110: 111
111: 110,245,160
112: 
113: 109,327,50,186,213
114: 
115: 90,244,139
116: 98,97
117: 92,98,170,97,145
118: 68,20,248
119: 122,228
120: 14
121: 97,59,77
122: 97,59,119,145
123: 125,99,78,102,172,57
124: 128,174,150,39
125: 123,99,78,62
126: 45,177
127: 172,229,203
128: 124,39,175
129: 182
130: 
131: 233,83
132: 160,50,109,241
133: 
134: 50
135: 141,186,213
136: 
137: 389,273,159,274
138: 68,96,72,140
139: 244,247,335,115,302
140: 70,56,167,138,96
141: 135,213,189
142: 163
143: 221,51
144: 195,196,169,198
145: 194,117,170,122
146: 150,39
147: 194,251,198,205,228,257
148: 219,248,222
149: 286,316,315
150: 174,101,146,77,124,39
151: 181
152: 261,317,235,259,233
153: 180,154
154: 180,153
155: 83,294,206
156: 
157: 214,267
158: 183,242
159: 273,272,137
160: 132,111
161: 89,71,52,88
162: 189,165
163: 90,142
164: 241
165: 52,88,162
166: 247,191,302
167: 49,95,70,140
168: 226,341,252,250,199,197
169: 170,144,194,198
170: 169,92,117,145
171: 253,92,98
172: 127,229,203,57,123
173: 200,285,201
174: 101,103,150,124
175: 39,62,128,85
176: 345,201,230,259
177: 207,126
178: 285,202,286
179: 233,436,290
180: 153,154,231
181: 151
182: 129
183: 158
184: 416,303
185: 240,30
186: 113,135,213
187: 210,295,245
188: 210
189: 162,141
190: 216,218
191: 244,247,166
192: 249,193,92
193: 248,224,192,249,20,195
194: 145,147,169,198
195: 144,196,224,193
196: 144,195,224
197: 283,199,250,168
198: 169,144,194,147
199: 283,197,226,168,279
200: 173,203
201: 345,258,285,176,173
202: 257,255,342,178,286
203: 172,127,57,200
204: 294,206,231
205: 228,147,257,255
206: 294,204,155,236
207: 177
208: 288,292
209: 321
210: 187,295,188
211: 65
212: 295
213: 186,327,113,135,141
214: 267,268,157,269
215: 328,274
216: 190,276,334
217: 327
218: 331,190
219: 223,148,246
220: 302,361,364
221: 143,51
222: 308,395,148,248
223: 219,361,304,246
224: 248,193,195,196
225: 78,102,59
226: 168,341,199,342,279
227: 373,279,316,315,343
228: 205,119,147
229: 172,127
230: 176
231: 104,180,204
232: 374,344,405
233: 179,235,261,152,131
234: 265
235: 260,259,152,233
236: 237,206,380
237: 236
238: 384,296
239: 357,353
240: 185
241: 164,132,109
242: 158
243: 360,331,326,334
244: 247,191,139,115,72
245: 187,111,325
246: 304,366,219,223,308
247: 244,166,191,139,302
248: 224,193,118,148,20,222
249: 192,20,68,96,193
250: 252,280,254,168,197
251: 147,341,257
252: 250,168
253: 171,92
254: 250,280,395
255: 257,202,205
256: 291,405,260,372,320
257: 255,202,147,251,205
258: 345,201,285
259: 235,260,372,176,152
260: 235,372,259,256,320
261: 152,233
262: 380,83
263: 407,264
264: 467,351,263
265: 234
800: 788
267: 214,268,157
268: 214,267,269
269: 214,268
270: 271,86,273,386
271: 270,325,357,86
272: 159
273: 159,270,137
274: 137,389,215
275: 364,390,391,304,336
276: 216,334
277: 363,393
278: 366,308,337
279: 342,226,199,227
280: 250,254,308
281: 367,338,369
282: 311,461,459,312,457
283: 199,197
284: 314,370,373,311
285: 178,286,173,258,201
286: 149,202,178,285
287: 352,379
288: 208,435,438
289: 375,522,523
290: 379,179,436
291: 405,256,400,319,320
292: 404,436,208
293: 382
294: 204,206,155
295: 187,210,212
296: 238
297: 442
298: 385,384,355,356
299: 
300: 332,326,448,359,301
301: 387,328,300,326,359
302: 361,220,247,166,139
303: 184,387
304: 246,361,275,364,223,336
305: 477,334,360,332
306: 420,422,419,510,446
307: 424,336,365,366
308: 222,395,246,278,280
309: 452,368,369,484
310: 367,369,431,312
311: 459,282,370,284,314
312: 457,430,310,431,282
313: 460,403
314: 284,311,460
315: 346,343,316,227,149
316: 342,227,149,315
317: 152
318: 468,554,466
319: 400,291,404
320: 404,260,291,256
321: 380,209,378
322: 382
323: 
324: 472
325: 271,245
326: 332,300,328,301,360,243
327: 109,113,217,213
328: 215,387,301,326
329: 507,565,478,418,421
330: 
331: 218,389,243
332: 300,326,448,360,305
333: 391,451,390
334: 477,305,216,360,243,276
335: 139
336: 424,307,275,391,304
337: 278,423
338: 367,371,281,423,340
801: 796
340: 423,338,371
341: 226,168,251
342: 279,316,226,202
343: 315,373,227,460
344: 232,374,403,376,405,400
345: 258,201,176,372
346: 315,374
347: 435,524,465
348: 466,584
349: 551,437,525
350: 
351: 438,467,264
352: 287,407
353: 86,416,239,357,385
354: 356
355: 383,384,298
356: 354,298
357: 239,271,353,86
358: 476,444
359: 300,387,301,478
360: 243,332,326,305,334
361: 302,220,364,223,304
362: 446,541,479,483
363: 277,392
364: 275,390,361,220,304
365: 424,307,426,425,452
366: 246,307,278
367: 338,371,310,281,369
368: 485,511,309,458
369: 484,309,367,310,281
370: 431,284,311
371: 367,338,423,340
372: 260,259,345,256
373: 227,490,284,343
374: 232,344,346,403
375: 522,289,406,377
376: 344,400,464
377: 433,406,375
378: 321
379: 290,287
380: 321,262,236
381: 580,523,581
382: 293,322
383: 355,384
384: 238,383,355,298
385: 298,353
386: 270,86,416
387: 301,303,328,359
388: 415,560
389: 137,274,331
390: 275,364,477,333
391: 333,275,424,336,393
392: 453,624,363,541
393: 424,391,277,426
394: 453,452,511
395: 308,222,254
396: 398,399,460
397: 456,482,489
398: 396,399,571,401
399: 398,396,432,515
400: 319,464,344,376,291,405
401: 493,571,398
402: 551,463
403: 432,313,374,344
404: 436,320,319,292
405: 291,256,232,344,400
406: 463,375,377
407: 263,352
408: 
409: 438,524,496
410: 
411: 439,440,470
412: 503,501
413: 471
414: 417,560,445,620
415: 388,560
416: 353,184,386
417: 414,501
418: 478,448,329,422,419
419: 420,422,306,448,418
420: 422,419,306,451,449
421: 478,533,507,329
422: 420,419,306,418,510
423: 340,337,338,371
424: 307,336,365,393,391,426
425: 365,452
426: 424,365,393,452
427: 603,456,489,575
428: 545,575,457,461,488
429: 488,603,573
430: 312,457,545
431: 370,310,312
432: 403,399,515
433: 463,551,377,525
434: 659,579,606,709
435: 347,524,288,438
436: 404,179,292,290
437: 518,491,349
438: 351,409,435,288
439: 497,470,411
440: 470,411
441: 
442: 297
443: 502,500
444: 476,358
445: 414,620,475
446: 362,306,479,510
447: 560
448: 332,300,478,418,419
449: 451,420
450: 509,479,540,483
451: 420,333,449
452: 309,365,394,426,425
453: 392,624,394,511,516
454: 458,489
455: 485,516,482
456: 397,489,572,427,598
457: 312,430,545,428,461,282
458: 454,485,368,484
459: 311,282,571
460: 313,314,343,396
461: 282,457,428,488
462: 602,657,577,579
463: 433,406,551,402
464: 400,465,376,522,492
465: 464,347
466: 348,554,318
467: 264,351,468
468: 318,467
469: 580,578,554
470: 440,439,411
471: 413,557
472: 324
473: 533
474: 
475: 563,620,533,445
476: 444,358
477: 305,334,390
478: 418,421,448,359,329
479: 540,510,450,446,362,483
480: 561,504
481: 646,542,621
482: 397,455,512
483: 596,479,450,362
484: 369,309,458
485: 368,511,516,455,458
486: 656,572,512
487: 669,567,595,648
488: 429,428,461,571
489: 456,397,454,575,427
490: 373
491: 518,577,437
492: 522,515,464
493: 401,547
494: 526,635
495: 
496: 409
497: 553,439
498: 750
499: 584,582,556
500: 443
501: 503,412,417
502: 443
503: 501,643,412
504: 594,480
505: 506,530,565,540
506: 505,564
507: 530,565,329,533,421
508: 568,512
509: 450,595,564
510: 479,540,565,422,306,446
511: 485,368,516,394,453
512: 600,508,482,486
513: 695,645,618,562,536,672
514: 680,629,570,599
515: 399,432,492
516: 485,511,453,624,455
517: 628,603,544
518: 577,437,491,659,550
519: 552,520
520: 519,552
521: 627,655,604,544
522: 375,289,492,464
523: 289,527,381
524: 347,435,527,409
525: 581,433,551,349
526: 605,494
527: 580,523,524
528: 
529: 
530: 507,533,563,505
531: 643
532: 
533: 473,475,421,507,530
534: 616
535: 648,542
536: 562,647,592,695,513
537: 735,691,641,617,590
538: 541,596,624
539: 568,542,600
540: 479,510,565,505,450
541: 362,392,624,538
542: 646,481,535,539
543: 673,626,570
544: 628,517,521
545: 575,428,457,430
546: 723,654,652,655
547: 573,493,552
548: 682,576,727
549: 602,657,652,627,679,705
550: 518,659
551: 349,402,433,463,525
552: 519,547,573,520
553: 497
554: 578,469,318,466
555: 
556: 499
557: 613,471
558: 615
559: 614,640
560: 447,388,415,414
561: 480,691,641,567
562: 647,536,513,672
563: 620,475,530
564: 595,506,594,509
565: 507,329,505,540,510
566: 669,619
567: 669,487,594,561
568: 539,569,508
569: 649,568
570: 543,599,514
571: 459,488,398,401
572: 656,486,456,598
573: 429,547,552
574: 627,602
575: 545,428,489,427
576: 548,727
577: 518,491,462,659,579
578: 554,635,469
579: 659,434,606,462,657,577
580: 527,381,635,469
581: 525,632,607,381
582: 663,499,584
583: 685
584: 499,582,348
585: 
586: 
587: 640
588: 612
589: 617,667,641
590: 735,537,690
591: 645,718
592: 735,695,690,536
593: 675,623
594: 504,564,567
595: 564,509,487,649
596: 483,538
597: 699,722,676,622
598: 456,656,572
599: 570,514,629
600: 512,539,673
601: 621,646,626,676
602: 549,462,657,627,574
603: 427,517,429
604: 628,655,521
605: 526,610,686,636
606: 434,579,657,682
607: 581,632,610
608: 663,636
609: 710
610: 632,607,605
611: 688
612: 666,588
613: 557,639
614: 559,668,642
615: 558
616: 534
617: 589,667,537
618: 718,513,755,672
619: 735,691,669,566
620: 563,475,414,445
621: 601,675,481
622: 676,597,701
623: 648,593
624: 392,453,541,538,516
625: 678,721,699,701,789
626: 543,673,646,601,676
627: 652,521,574,549,602
628: 517,604,680,544
629: 514,599,654
630: 766,726,700
631: 706
632: 581,607,610,635
633: 636,660,634
634: 633,660
635: 632,580,494,578
636: 633,660,605,608
637: 
638: 687
639: 613
640: 559,587,668
641: 691,537,589,561
642: 756,614,667
643: 503,531
644: 
645: 695,513,591,718
646: 481,542,601,673,626
647: 562,536,653
648: 623,487,535
649: 569,595
650: 674,719,672,739,696
651: 698,721,697
652: 627,655,546,679,549
653: 647,722
654: 744,629,546,723
655: 652,521,604,546
656: 572,486,598,680
657: 549,462,602,579,606
658: 768
659: 434,579,518,577,550
660: 636,633,686,634
661: 710,727
662: 
663: 608,582
664: 
665: 
666: 612
667: 617,589,642
668: 716,614,640
669: 566,567,487,619
670: 756
671: 737,692
672: 755,513,618,562,696,650
673: 543,626,646,600
674: 650,738,719,739
675: 593,621
676: 622,601,626,597
677: 678,789,702,765
678: 625,677,701
679: 728,652,549,705
680: 514,656,628
681: 743,747,793
682: 548,606,729
683: 704,702,723,743
684: 729,709
685: 583
686: 709,605,660
687: 638
688: 611
689: 
690: 695,735,590,592
691: 735,537,641,561,619
692: 774,671,737,755
693: 
694: 
695: 513,690,645,592,536
696: 722,739,672,650
697: 721,699,651
698: 651,757
699: 721,597,697,625
700: 707,726,706,630
701: 622,678,625
702: 704,765,683,677,744
703: 
704: 702,765,683,743,730
705: 679,728,549
706: 707,700,631
707: 726,784,700,706
708: 
709: 686,434,684
710: 609,661
711: 748,750
712: 
713: 
714: 734
715: 718
716: 668,734
717: 737,770
718: 618,715,591,645
719: 674,650,755,797
720: 738,757
721: 699,697,651,625
722: 739,696,653,597
723: 546,654,683
724: 789,742,765
725: 766,763
726: 707,784,700,630
727: 576,548,661
728: 679,705,747
729: 684,682
730: 704,762,743
731: 
732: 
733: 754
734: 714,716
735: 691,537,590,619,592,690
736: 
737: 671,717,692,770
738: 674,720,757
739: 722,696,674,650
740: 786
741: 761,779,781
742: 724
743: 681,704,683,730
744: 654,702
745: 796
746: 
747: 728,681
748: 711
749: 795,794
750: 498,711
751: 767
752: 
753: 
754: 733
755: 672,618,692,719
756: 642,670
757: 738,720,698
758: 
759: 796,776
760: 777,761
761: 741,760
762: 730
763: 780,725
764: 
765: 704,702,677,789,724
766: 725,630
767: 769,768,751
768: 658,767
769: 767
770: 737,717
771: 
772: 
773: 776
774: 692,775,797
775: 774,797
776: 773,759
777: 760
778: 790,799
779: 741
780: 763
781: 741
782: 
783: 
784: 707,726
785: 
786: 740
787: 
788: 800
789: 625,677,765,724
790: 778
791: 
792: 
793: 681
794: 749,795
795: 749,794
796: 759,745,801
797: 774,775,719
798: 
799: 778