0: 
1: 
2: 
3: 
4: 
5: 
6: 34,66,17,21
7: 9,22
8: 
9: 7,22,10
10: 9,24
11: 25,40,58
12: 
13: 26
14: 39,103,80,43
15: 
16: 
17: 48,66,54,6
18: 20,37,55
19: 33
20: 18,55
21: 48,6
22: 7,9
23: 74,40,59
24: 40,10
25: 11,27,42
26: 13
27: 101,60,25,42
28: 
29: 
30: 47
31: 161
32: 54,50,51
33: 19
34: 6
35: 37,53
36: 74,94
37: 35,18
38: 56,117
39: 14,81
40: 24,23,11
41: 98,77,78,99
42: 25,27
43: 80,14,64
44: 
45: 62,128
46: 47,67,112
47: 67,46,30
48: 17,21,54,51
49: 69,68
50: 69,114,32,51
51: 71,32,54,50,48
52: 91,73,95,75
53: 94,35
54: 32,17,48,51
55: 95,20,18
56: 38,96,116,120
57: 78,123,97,79,98
58: 11
59: 74,23
60: 27,101
61: 
62: 45,100,152
63: 103,80,128,85
64: 43
65: 87
66: 6,17
67: 47,46,133
68: 115,72,49,140,70
69: 50,49
70: 71,68,72
71: 70,51
72: 68,115,70
73: 95,52
74: 94,23,36,59
75: 93,96,91,52,92
76: 79
77: 98,41
78: 57,124,98,41,99
79: 97,121,120,76,57
80: 103,63,43,14
81: 128,39,103
82: 150,100,205,153
83: 235
84: 152,105
85: 63,106
86: 
87: 65
88: 138,142,162,189,165
89: 162,135,160,138
90: 247,167,118,219,191
91: 52,143,75,92
92: 145,194,91,221,93,75
93: 96,75,145,92,122
94: 74,53,36
95: 73,55,52
96: 93,75,117,122,56,116
97: 79,121,146,172,57,123
98: 77,41,78,57
99: 41,78
100: 150,62,82
101: 27,60
102: 124,174,175
103: 80,63,14,128,81
104: 105,151
105: 104,207,152,84
106: 85
107: 
108: 183,158
109: 187,113,211,160,135
110: 
111: 136
112: 46
113: 109,186
114: 50
115: 68,72,141,143
116: 121,120,96,56
117: 96,38
118: 90,163,191,192
119: 146,253,225,122
120: 116,121,56,79
121: 116,120,146,97,79
122: 145,93,96,119
123: 57,97,172,125
124: 78,174,102
125: 202,174,226,172,123,173
126: 178,149,230,177
127: 175,150
128: 81,103,63,45
129: 
130: 
131: 262,208,206
132: 242
133: 67
134: 185,186,242,187
135: 162,89,109,211,160,137
136: 185,186,111
137: 164,216,211,162,135,189
138: 88,142,162,89
139: 141,163,140
140: 142,68,139
141: 139,115,143,166
142: 138,88,140,165,163
143: 91,115,141,166
144: 224,170,248,195,169,199
145: 171,194,92,122,93
146: 119,225,121,97
147: 228,173,229,255,200
148: 199,251,253,225,254
149: 126,257,230,201
150: 100,127,82
151: 104,207
152: 62,84,105
153: 205,180,82,207
154: 235,290,262,208
155: 181,208
156: 182,294
157: 267
158: 108
159: 242,241
160: 109,89,135
161: 31
162: 89,135,137,138,88,189
163: 139,142,165,247,118
164: 216,137,245,190,189
165: 218,189,88,142,163,247
166: 221,141,143,192
167: 90,247,218,220,244
168: 337,223,169,252
169: 195,223,144,168,337
170: 224,144,249,192,194
171: 145,194,224,253,199
172: 226,198,97,123,125
173: 228,147,226,229,125,202
174: 125,202,124,102
175: 178,102,127
176: 230,256,177,261
177: 230,176,126,231
178: 126,175
179: 260,291,287
180: 204,153
181: 155
182: 156,294
183: 108
184: 327,268
185: 134,136
186: 134,136,187,113
187: 109,134,186
188: 211,271,216
189: 190,165,162,164,137,88
190: 218,189,164,245,220
191: 192,90,118,219
192: 191,118,166,221,170
193: 308,276,246,304,250
194: 145,171,92,221,224,170
195: 223,169,248,144
196: 337,251,283,279
197: 255,227,279,283,313,284
198: 226,172,225,254
199: 148,251,171,224,144,253
200: 286,228,147,285
201: 230,256,149,257
202: 125,174,173,203
203: 202
204: 205,180,209
205: 204,153,231,82
206: 234,131,262,321,236
207: 105,151,153
208: 131,262,154,155
209: 261,204,235
210: 240
211: 188,109,135,216,137
212: 324,295,385
213: 274,215,273
214: 
215: 272,271,300,213,273
216: 164,137,188,211
217: 220,361,244,246
218: 190,165,220,247,167
219: 90,276,191
220: 217,190,218,167,244
221: 166,192,194,92
222: 308,248,250,223
223: 195,169,248,222,278,168
224: 144,170,171,194,199
225: 146,119,148,198
226: 198,172,229,125,173
227: 197,279,252,313
228: 173,147,229,200,285
229: 226,228,173,147
230: 176,201,256,177,126,149
231: 177,205
232: 258,256,233
233: 260,291,232,261,320
234: 206,321,236,264
235: 154,209,83
236: 380,206,234,264
237: 380
238: 295,240
239: 295,240
240: 210,295,238,239
241: 242,159
242: 241,159,132,134
243: 301,273,300,358,389,302
244: 276,246,217,220,167
245: 274,164,190
246: 276,244,217,361,275,193
247: 90,167,218,165,163
248: 308,222,249,144,195,223
249: 248,170
250: 307,304,308,222,193,365
251: 199,148,196,254
252: 338,168,227
253: 119,171,199,148
254: 283,148,251,198
255: 197,283,147,284
256: 230,176,201,232,261
257: 342,149,201
258: 232,319,320
259: 320,287,344,375,289
260: 233,320,287,179
261: 209,176,256,233
262: 131,208,154,290,206
263: 380,265
264: 382,234,378,236
265: 380,263
800: 796
267: 157
268: 270,269,385,184,327
269: 270,268,385,355
270: 269,268,327,355,326
271: 272,215,188
272: 271,215,327
273: 243,215,300,274,213
274: 245,213,273
275: 390,361,246,331
276: 244,246,219,308,193
277: 333,366,335,307,306
278: 364,365,223
279: 197,227,196,337,283
280: 371,338,282,340
281: 457,430,396,368,370,340
282: 310,396,338,309,280,340
283: 254,196,255,197,279
284: 286,255,197,313,341
285: 228,200
286: 200,284,341,315
287: 259,320,260,179,288
288: 379,287,289,435
289: 375,259,288
290: 318,154,262
291: 233,179
292: 408,409,322
293: 
294: 156,182
295: 238,212,240,239
296: 298,383
297: 
298: 296,325,357,354
299: 355,414,416
300: 326,215,243,301,273
301: 243,300,416,358,328
302: 389,243,358,303,332
303: 477,332,330,358,302
304: 307,306,250,390,193
305: 331,336,335,362,332
306: 307,304,390,335,277
307: 306,304,250,277,365
308: 248,222,193,276,250
309: 338,364,367,310,282
310: 396,282,367,309,426
311: 370,371,312,314,431
312: 371,313,311,341,314
313: 371,312,197,227,284
314: 373,312,311,431,400
315: 342,286,343,316
316: 315,342,319
317: 376,404,344,372
318: 290,321
319: 344,372,316,258
320: 259,287,258,344,233,260
321: 378,318,206,234
322: 292,382
323: 410
324: 212,325
325: 385,324,298,357
326: 300,270,416
327: 184,270,268,272
328: 329,358,416,301
329: 330,358,328,356
330: 329,446,303,477
331: 305,332,275,390
332: 303,302,331,305
333: 277,366,424,336,335,392
334: 391,363,360,336,362,392,422
335: 305,336,390,306,333,277
336: 305,335,362,334,333
337: 196,168,169,279
338: 252,309,282,280
801: 743,700,762,745,763
340: 370,396,282,280,281
341: 343,312,286,284
342: 315,257,316
343: 341,373,315
344: 319,376,317,259,320,375
345: 373,400,374
346: 374,399,400,404
347: 435,436
348: 436,495,524,468
349: 375,377,405
350: 351,411
351: 350,469,411
352: 410
353: 357,354,355
354: 353,357,298,415
355: 299,353,270,269
356: 418,388,414,329
357: 353,354,298,325
358: 329,328,243,301,302,303
359: 419,446,477,360
360: 391,334,419,359,449,362
361: 389,217,246,275
362: 305,336,334,360
363: 391,334,420,422,451
364: 278,365,395,309
365: 278,364,307,250
366: 333,277,424,395
367: 395,425,309,310
368: 369,489,457,397,281
369: 368,426,454,489
370: 340,311,430,281,431,398
371: 280,313,312,311
372: 319,317
373: 314,343,400,345
374: 346,345,404
375: 349,289,344,376,259
376: 317,344,375,405
377: 349,406
378: 321,264
379: 288,407,435
380: 236,237,265,263
381: 469,470,467
382: 264,322
383: 296
384: 415,529,413
385: 325,212,269,268
386: 413,388,387
387: 418,388,386
388: 356,387,386,414
389: 361,302,243
390: 275,331,335,306,304
391: 363,334,360,449,509,420
392: 393,422,334,333,424,423
393: 392,422,394,485,423
394: 452,451,393,422,485
395: 367,366,364
396: 310,282,426,340,281
397: 457,488,368,489,428
398: 399,431,370,430,490
399: 431,400,398,490,432,346
400: 399,431,314,373,345,346
401: 518,492,402,459,463
402: 459,401,460,463
403: 465,460,404,405
404: 317,374,346,403
405: 522,376,403,465,349
406: 436,377,524
407: 379,435,408
408: 292,409,407
409: 292,408
410: 323,352
411: 350,351,440
412: 501,529,588
413: 386,384,529
414: 416,299,388,356
415: 354,384
416: 414,299,326,301,328
417: 445,474
418: 356,387,530,476
419: 359,449,446,360
420: 508,509,510,391,363,451
421: 478,565,448,476,479
422: 392,393,363,334,394,451
423: 485,455,424,392,393,425
424: 333,366,392,425,423
425: 367,424,455,423,454
426: 369,454,310,396
427: 456,489,484,512
428: 545,397,488,461
429: 490,432,488,461,547
430: 457,281,370,398,490
431: 399,400,398,370,311,314
432: 429,399,459
433: 437,552,522
434: 493,549,551,552
435: 347,379,288,407
436: 406,348,347,524
437: 464,552,496,433,522
438: 
439: 470,497
440: 411
441: 
442: 586
443: 471,472
444: 530,445,475
445: 417,474,444
446: 448,330,477,419,359
447: 478,565,530,475,507
448: 446,476,478,421
449: 419,509,479,391,360
450: 510,565,507,480
451: 394,481,363,508,420,422
452: 394,481,453,485,482
453: 541,452,481
454: 455,425,369,426
455: 485,423,454,425,484
456: 427,512,516
457: 430,397,281,488,368,490
458: 544,573,516,545
459: 402,432,401
460: 403,465,402,463
461: 547,488,428,545,429
462: 517,520,515,491,577
463: 493,402,401,492,460
464: 437,552,496,523,580,581
465: 403,460,522,405
466: 581,580,527
467: 553,381,470
468: 348,553
469: 381,470,351
470: 469,381,467,584,439
471: 443
472: 443
473: 532,560,506,533
474: 503,445,417
475: 444,447,560
476: 448,418,530,478,421
477: 303,330,446,359
478: 565,447,421,530,448,476
479: 509,510,565,421,449
480: 567,507,504,450,564
481: 452,451,508,569,453
482: 484,452,485,511
483: 569,568,538,567,535
484: 482,512,455,427
485: 455,423,393,452,394,482
486: 511,487,541,539,570,598
487: 486,511,512,570,514,542
488: 457,397,428,490,429,461
489: 427,368,369,397
490: 429,457,430,488,399,398
491: 602,519,515,462,520
492: 577,401,493,463,549
493: 463,434,492,549
494: 523,579,632,554
495: 580,524,348,553
496: 437,464,580,524
497: 439
498: 499
499: 584,555,498
500: 
501: 412,529
502: 557
503: 474,588
504: 507,506,480,563
505: 534,532,531
506: 560,507,504,473,533,563
507: 506,504,447,450,480
508: 420,538,451,481
509: 479,510,449,391,420
510: 509,479,450,567,420,538
511: 486,487,541,482,512
512: 484,511,487,456,427
513: 624,596,566,593,621
514: 516,487,572,542,573
515: 547,491,519,518,462
516: 514,456,573,458
517: 462,520,521,577,606
518: 401,515,547
519: 603,491,545,544,515
520: 517,462,602,491,606
521: 517,606,550,525
522: 405,465,437,433
523: 494,464,552,581
524: 495,496,406,436,348
525: 551,521,579
526: 608,578,660,607
527: 555,466,582
528: 
529: 384,413,501,412
530: 444,418,476,478,447
531: 615,641,505
532: 534,505,473,533,616
533: 561,616,473,532,506,563
534: 505,532,690,616
535: 566,648,483,568
536: 620,562,592,537
537: 536
538: 483,569,510,567,508
539: 624,596,541,540,486,598
540: 568,596,539
541: 453,539,486,511
542: 572,599,487,570,514
543: 597,675,649,621,598
544: 573,575,458,545,603,519
545: 428,544,458,461,519
546: 571,572,599,600,654
547: 461,515,429,518
548: 605,635
549: 551,577,492,493,434
550: 606,705,521,631
551: 549,525,434,579
552: 437,464,433,434,523
553: 467,495,468
554: 608,494,632,578
555: 527,582,556,499
556: 555,611
557: 502
558: 640,666
559: 613,665
560: 506,473,475
561: 533,592,563,620
562: 564,592,536,648
563: 564,592,506,504,533,561
564: 562,592,563,567,480
565: 478,447,421,479,450
566: 535,648,513,596
567: 480,510,564,483,538
568: 483,569,535,540
569: 483,568,538,481
570: 598,486,487,601,542
571: 546,572,573,575
572: 599,542,514,546,571
573: 544,575,458,516,514,571
574: 628,705,627,603,602
575: 544,573,571,603
576: 683,628,705,631
577: 492,517,462,549
578: 632,635,554,526,608,660
579: 494,525,551,632
580: 495,464,496,466,581
581: 466,464,523,580
582: 607,527,555
583: 663,636
584: 499,470
585: 
586: 442
587: 615,641,666
588: 412,503
589: 617,670
590: 667,642
591: 695,618,647,645
592: 564,562,563,561,536,620
593: 594,513,650
594: 593,647,595,650
595: 646,647,594,650,673,672
596: 624,513,539,566,540
597: 622,543,675
598: 570,624,539,486,543
599: 572,601,542,626,600,546
600: 626,599,546,654
601: 599,570,626
602: 603,491,574,705,520
603: 602,519,544,575,574
604: 656,627,652,654,628
605: 633,548,635,659
606: 550,705,517,520,521
607: 582,526,610
608: 554,526,578
609: 661
610: 607,636
611: 556
612: 639
613: 559
614: 667,642,691
615: 641,587,666,531
616: 533,534,532,690
617: 690,643,667,589
618: 591,619,669
619: 671,618,670,669
620: 536,669,561,592
621: 649,624,513,543,675
622: 597,651,625
623: 673,674,649,675,699
624: 513,596,539,621,598
625: 626,622,676
626: 625,600,599,601
627: 654,574,628,604
628: 574,705,627,656,604,576
629: 676,680,652,679
630: 726,727,657,682
631: 682,576,550
632: 635,578,494,579,554
633: 605,684,659,634
634: 659,685,633,731
635: 632,578,548,605,686,659
636: 583,610
637: 
638: 688
639: 612,689
640: 666,558
641: 615,587,531,643
642: 614,667,694,590
643: 617,641,667
644: 692
645: 646,647,591,695,737
646: 647,595,645,737,718,672
647: 646,595,645,591,594
648: 535,566,562
649: 650,621,623,543,675
650: 649,594,593,595,673
651: 699,720,622,653,701
652: 654,629,604,723
653: 676,680,651,701
654: 652,600,546,627,604
655: 656,683,723,727
656: 655,604,683,628,723
657: 682,630,684
658: 709,728,731
659: 686,685,634,633,605,635
660: 578,686,526
661: 609
662: 
663: 686,685,583
664: 
665: 668,691,559
666: 640,558,615,587
667: 614,642,617,643,590
668: 665,691,693
669: 620,619,618
670: 589,715,619
671: 619,695,715,735,756
672: 673,674,646,595,718,696
673: 623,672,674,595,650
674: 673,623,672
675: 597,543,649,621,623,699
676: 653,680,625,629
677: 721,720,701
678: 761,680,724
679: 723,681,629,702
680: 653,676,678,629
681: 727,679,702
682: 657,631,683,630
683: 655,656,576,682
684: 657,633
685: 686,659,634,731,663
686: 659,685,635,660,663
687: 
688: 638
689: 639
690: 617,534,616
691: 668,665,614
692: 644,735
693: 694,668
694: 693,642
695: 591,671,756,645,737
696: 718,738,672,719
697: 719,721
698: 
699: 720,651,623,675
700: 743,704,801,724
701: 720,651,677,653
702: 724,681,679
703: 749,730,766,748
704: 743,700,744,747
705: 574,628,602,576,606,550
706: 726,730,709
707: 725,765,749
708: 767,710
709: 658,706,728
710: 769,708,711
711: 710
712: 714,733,734
713: 
714: 712,733
715: 670,671,735
716: 734
717: 755,736,757,776,772
718: 737,738,646,770,672,696
719: 697,738,739,696
720: 699,651,677,701
721: 677,697
722: 758,789
723: 679,652,655,656
724: 702,678,700
725: 744,765,707
726: 630,706,727
727: 681,655,630,726
728: 658,709,767
729: 748,751
730: 706,703,766
731: 658,685,634
732: 752
733: 714,712
734: 716,712
735: 756,715,671,692
736: 755,717
737: 718,695,756,646,645
738: 718,739,770,696,719
739: 757,770,738,719
740: 
741: 777,760
742: 745,760,789
743: 700,704,801
744: 725,765,704,747
745: 779,742,762,801,763
746: 749,784
747: 781,704,744,765
748: 729,703,766
749: 746,703,765,707
750: 751,769,768
751: 750,729,783,769
752: 768,732
753: 
754: 772,785
755: 736,717,757
756: 735,671,695,737
757: 739,755,717,776,774
758: 773,775,722
759: 789,773,797,760
760: 779,742,789,759,741
761: 678
762: 745,801
763: 779,745,801,778
764: 783,782
765: 725,744,747,707,749
766: 730,703,748
767: 708,728
768: 752,750
769: 710,750,751
770: 739,718,738
771: 
772: 776,717,754
773: 775,758,759,797
774: 776,757,775
775: 773,758,774
776: 772,774,717,757
777: 788,741
778: 779,796,763
779: 745,760,763,778
780: 794
781: 747,793
782: 794,764
783: 764,751
784: 746
785: 754
786: 
787: 
788: 777
789: 759,722,742,760
790: 791,792
791: 790,796
792: 794,790,799
793: 781
794: 792,780,782
795: 799
796: 800,791,778
797: 773,759
798: 
799: 795,792