0: 
1: 
2: 
3: 
4: 
5: 29
6: 
7: 
8: 38
9: 11
10: 
11: 9,27
12: 
13: 
14: 58,44
15: 135
16: 
17: 73,98,116,103
18: 94
19: 
20: 72,68,224,138
21: 91
22: 
23: 170
24: 60
25: 
26: 64,28
27: 74,11
28: 26
29: 5
30: 183
31: 141,186
32: 
33: 
34: 133
35: 94,100
36: 
37: 38
38: 8,37
39: 174,150
40: 
41: 123,121,97,59
42: 
43: 120
44: 14
45: 128
46: 133,67
47: 
48: 66,133,71
49: 162
50: 186,135,113,134,213
51: 53
52: 67,71
53: 143,51,91
54: 
55: 79,143,103
56: 165,96
57: 125,150,172,126
58: 14
59: 198,102,229,41,121
60: 76,24
61: 
62: 125
63: 128,80
64: 26
65: 108
66: 48,71
67: 46,52
68: 72,20,117,224,192
69: 141,161
70: 88,244
71: 52,48,66
72: 20,68,191,166
73: 17,116,170
74: 27
75: 140,253
76: 60,124,101
77: 99,229,178
78: 225,146,99
79: 55,103
80: 63
81: 125
82: 177,380
83: 262,290,321
84: 
85: 106
86: 386,325,385
87: 108
88: 70,162
89: 
90: 191,247
91: 21,53
92: 169,171,98,122
93: 100,116
94: 18,100,35
95: 
96: 140,253,56
97: 121,41,122,225
98: 17,92
99: 77,78,172
100: 94,35,93
101: 174,76
102: 198,229,59,341,255
103: 55,79,17
104: 
105: 153,177
106: 85
107: 
108: 87,65
109: 213,270,163,327
110: 
111: 134,213,270
112: 
113: 134,50
114: 
115: 189,218,164,167
116: 73,17,93
117: 253,68,192
118: 304,223,222,336
119: 251,249,169,194
120: 43
121: 97,41,59
122: 92,170,97
123: 194,228,41
124: 225,146,76
125: 150,57,81,62
126: 57,203
127: 200,286,346,173
128: 63,45
129: 
130: 151
131: 231,233,261,152,155
132: 134,241
133: 34,46,48
134: 111,132,113,50
135: 15,50
136: 
137: 300,331
138: 193,248,20,304,224
139: 276,167,164,302,364
140: 96,75
141: 31,69
142: 186,213
143: 53,55
144: 224,192,193,251,145
145: 196,144,193,148
146: 225,124,78
147: 205,252,249,195,196,194
148: 193,248,196,145,246
149: 374,201,226,344
150: 125,57,39,172
151: 130
152: 180,176,261,131,233
153: 105,177
154: 181,380
155: 204,207,261,131
156: 
157: 214
158: 
159: 416,271,331,160
160: 331,159,389
161: 69
162: 49,88
163: 218,109
164: 115,139
165: 56
166: 247,216,223,191,72
167: 276,139,115,247
168: 227,195,395
169: 92,171,251,119
170: 23,73,122
171: 192,92,169
172: 99,150,57
173: 259,127,372
174: 101,39
175: 
176: 180,152,372
177: 82,153,105,380
178: 255,77
179: 404,436
180: 152,176,230,200
181: 154
182: 
183: 30
184: 
185: 
186: 142,50,31
187: 325
188: 212
189: 115,218,217
190: 
191: 90,166,72
192: 224,144,117,68,171,251
193: 248,138,148,224,144,145
194: 228,123,249,119,147
195: 196,246,147,168
196: 195,145,246,148,147
197: 340,368,281
198: 102,59,228,341
199: 250,312,369
200: 127,286,230,316,180
201: 374,313,149,315
202: 342,205,490,258
203: 230,316,126,207
204: 155
205: 147,252,490,202
206: 
207: 203,155
208: 235,263
209: 294
210: 
211: 
212: 188,325,295
213: 109,111,142,50
214: 157
215: 387,478,510,418
216: 247,223,166,276,364,361,222
217: 189
218: 163,327,189,115
219: 278,391,307
220: 361,364,390,307
221: 
222: 361,216,223,118,336
223: 216,166,222,118
224: 192,144,20,68,193,138
225: 124,146,97,78
226: 342,149
227: 168,250,371
228: 194,123,252,198,341
229: 102,59,77
230: 203,316,200,261,180
231: 131,233
232: 403,400,259
233: 131,231,152
234: 
235: 321,208
236: 
237: 
238: 476
239: 296,357,245
240: 
241: 132
242: 
243: 301,334,359,360,477
244: 70
245: 296,239
246: 195,196,248,148,254,395
247: 216,166,276,167,90
248: 193,138,148,304,254,366,246
249: 119,194,147
250: 199,369,227,431
251: 119,192,144,169
252: 147,205,228,341
253: 117,96,75
254: 366,248,246
255: 178,102,258,285
256: 405,345,260,465
257: 285,346
258: 341,202,255
259: 173,346,344,232
260: 345,320,256,404
261: 230,152,155,131
262: 83,287,290
263: 352,208
264: 470,553
265: 
800: 
267: 
268: 
269: 324
270: 389,111,109
271: 159,416
272: 
273: 415,326
274: 299,297
275: 448,477,365,393
276: 167,139,364,247,216
277: 449,306,426,483,541
278: 219,391
279: 369,484
280: 308
281: 367,197
282: 575
283: 338,343
284: 338,373
285: 257,255,286
286: 127,200,285,316
287: 317,262,290
288: 347,464
289: 547,381,551,377
290: 287,262,83
291: 376,396
292: 
293: 382,410
294: 209,317
295: 386,212,296
296: 239,245,295
297: 274
298: 476,358
299: 274
300: 137,331
301: 243,359
302: 364,390,334,139
303: 507,475,510
304: 118,333,248,138,366
305: 359,332,448
306: 449,277,446,420,450,483
307: 220,219
308: 366,333,280
309: 425,426,419,452,511
310: 656,367
311: 370,314
312: 199,340
313: 374,201,460,399
314: 460,398,311,370,461
315: 371,343,201
316: 203,230,200,286
317: 287,294
318: 466,439,499
319: 404,465,379
320: 345,260
321: 235,83
322: 
323: 
324: 269
325: 187,212,86
326: 507,273,510
327: 335,109,218
328: 478
329: 422,332,446
330: 613,560,354
331: 160,159,137,300
332: 329,422,305,451,446
333: 336,304,366,308
334: 243,302,360
335: 327
336: 333,222,118
337: 423,419,363,391
338: 283,284,484
801: 745,792
340: 368,312,197
341: 258,228,252,198,102
342: 226,202,490
343: 283,315
344: 346,374,149,259
345: 372,320,400,256,260
346: 344,257,127,259
347: 288
348: 499,466
349: 517,402
350: 
351: 409
352: 263
353: 355
354: 443,476,330
355: 353
356: 384,443
357: 239
358: 447,298
359: 305,301,243,477,448
360: 477,365,334,243,390
361: 220,222,364,216
362: 596,538,506,569,539
363: 393,424,394,419,337
364: 302,276,139,216,220,361
365: 360,477,275
366: 254,308,304,333,248
367: 281,430,310
368: 340,511,197
369: 279,250,199
370: 373,311,314,461,428
371: 431,227,315
372: 345,173,176
373: 370,284,603
374: 313,149,201,344,399
375: 406,463,396
376: 291,405,465
377: 289,632,492
378: 
379: 319,465
380: 177,82,154
381: 547,289,433,519,632
382: 293
383: 442
384: 356
385: 86,416
386: 86,295
387: 215,478,510
388: 413,588
389: 270,160
390: 302,360,220
391: 278,219,337
392: 479,450,648,483,538
393: 363,424,275
394: 449,426,363,424,419
395: 246,168
396: 463,375,291
397: 604,488,429,427,552
398: 460,314,461,571
399: 403,374,313,432,571
400: 232,403,345,405
401: 459,603,520,493
402: 606,349,491
403: 232,399,400,432
404: 319,179,260,436
405: 256,400,376,465
406: 432,571,375
407: 439,467
408: 
409: 351
410: 293
411: 
412: 588,474
413: 388,471
414: 
415: 529,273
416: 159,385,271
417: 421,444
418: 510,533,215,422
419: 337,363,394,309
420: 451,446,424,449,306
421: 417,445,501
422: 329,332,418,533,505
423: 337,452
424: 393,363,420,394,449
425: 309,485,545
426: 394,449,277,309
427: 429,575,489,604,397
428: 461,370
429: 575,457,427,552,397
430: 545,367
431: 371,250
432: 406,571,403,399
433: 547,381,573
434: 581
435: 
436: 179,404
437: 602,607,519
438: 524,468
439: 467,407,318
440: 
441: 555
442: 383
443: 557,356,354
444: 639,417
445: 563,473,421
446: 420,329,332,450,306
447: 358
448: 275,305,359,451
449: 394,306,426,277,420,424
450: 479,392,446,306,483
451: 420,332,448
452: 423,309,511
453: 516
454: 508
455: 545,458,486,656,456
456: 489,598,455,486,656
457: 429,575,603
458: 545,455,485,486
459: 401,603
460: 314,398,313,571
461: 428,370,314,398
462: 655,517
463: 396,375
464: 288
465: 319,256,405,376,379
466: 318,348,499
467: 439,468,407
468: 438,467
469: 608,580,578,636,526
470: 264
471: 560,413
472: 
473: 475,445
474: 588,412
475: 473,507,303
476: 238,298,354
477: 360,365,243,359,275
478: 215,387,328
479: 450,392,530,648
480: 623,561,487,669
481: 675,601
482: 489,598,512,543,604
483: 624,450,392,306,277,538
484: 279,338
485: 516,425,545,458
486: 512,455,458,456
487: 619,531,561,480
488: 604,397,628,544
489: 598,482,456,427,604
490: 205,342,202
491: 493,402
492: 496,522,377
493: 491,520,401
494: 686,581
495: 
496: 635,492,527
497: 
498: 688
499: 348,466,318
500: 
501: 421,620
502: 
503: 641,643,594
504: 509,619,567
505: 649,533,563,422
506: 540,362,569
507: 326,303,475
508: 454
509: 530,504
510: 418,326,303,215,387
511: 452,309,368
512: 486,598,482
513: 618,590
514: 543,600
515: 573,551
516: 485,541,624,453
517: 349,462,606
518: 606,659
519: 381,607,437,632
520: 401,493
521: 602,709,659,577
522: 492
523: 632,550,525
524: 438
525: 610,581,607,523
526: 636,580,469
527: 663,550,496,635
528: 
529: 415
530: 509,649,479
531: 619,487
532: 616,667,534,691
533: 418,422,505
534: 667,559,532,691
535: 593,564
536: 623,695
537: 672,690,562
538: 596,362,392,483
539: 596,362,564
540: 506,569
541: 516,277,624
542: 675,646,569
543: 514,482
544: 628,488
545: 455,458,425,485,430
546: 683,702,574
547: 289,381,433,573,551
548: 679,729,652,705,627
549: 681,684
550: 523,527,605
551: 515,573,547,289
552: 429,397
553: 264
554: 635
555: 441
556: 
557: 443,613
558: 756
559: 667,615,534
560: 471,330
561: 487,480
562: 566,672,537
563: 445,565,505
564: 646,539,535
565: 563
566: 562,735
567: 619,504
568: 570,621,744,673
569: 646,506,540,362,542
570: 568,621,600,744
571: 406,432,460,398,399
572: 680,628
573: 515,551,547,433
574: 655,546,683
575: 429,457,427,282
576: 726,658,782
577: 521,709,610
578: 580,663,686,469
579: 709,684
580: 578,469,526
581: 525,610,434,605,494
582: 
583: 611
584: 
585: 
586: 
587: 716
588: 412,388,474
589: 691,645
590: 670,642,513
591: 597,735
592: 653,676,625
593: 535,646,601
594: 667,503,641
595: 669
596: 362,538,624,539
597: 591,735,676
598: 489,482,456,512
599: 600,744,701,680,629
600: 599,744,570,514
601: 481,593
602: 521,437
603: 457,373,459,401
604: 397,488,489,482,427
605: 686,550,581
606: 402,517,518
607: 437,519,525,610
608: 469,686
609: 748,727
610: 525,581,607,577
611: 583
612: 666
613: 330,557
614: 642,617,734
615: 559
616: 532,641,620
617: 668,670,614
618: 513
619: 487,531,504,567
620: 641,643,501,616
621: 570,568
622: 626,653
623: 480,669,536
624: 483,596,516,541
625: 653,592
626: 622,653,677
627: 793,705,679,548
628: 544,488,572
629: 683,599,701,789
630: 799,766,763,783
631: 654,723
632: 523,381,519,377
633: 685
634: 660
635: 496,663,527,554
636: 526,469
637: 660
638: 
639: 444
640: 716
641: 643,620,503,594,616
642: 614,590
643: 641,620,503
644: 754
645: 589
646: 569,564,542,593
647: 676,674
648: 479,392
649: 505,530
650: 770,712,738
651: 739
652: 729,548,705
653: 592,625,622,626
654: 631,705
655: 574,462
656: 310,455,456
657: 729,682
658: 700,576,726
659: 709,682,518,521
660: 637,634
661: 784,711,708
662: 
663: 527,635,578
664: 
665: 689
666: 612,693
667: 594,559,534,532
668: 734,617
669: 595,480,623
670: 590,617
671: 690,695
672: 537,562,719,676,722
673: 701,568,744
674: 721,647
675: 542,481,735
676: 672,597,722,592,647
677: 699,626
678: 717,776,777
679: 729,548,627,681
680: 572,599,683
681: 549,679,706
682: 659,657,729
683: 629,546,680,574
684: 549,579
685: 633
686: 605,494,578,608
687: 
688: 498
689: 665
690: 671,695,537
691: 589,534,532
692: 797
693: 666
694: 736
695: 690,671,536
696: 721,697,742,739
697: 742,738,696
698: 789,704
699: 677
700: 658
701: 673,789,599,744,629
702: 704,546,705
703: 706
704: 702,789,698
705: 654,702,548,652,627
706: 703,681,748
707: 782
708: 661,710
709: 659,521,579,577
710: 708
711: 727,661
712: 650,770
713: 
714: 
715: 
716: 640,587
717: 678,742,776
718: 774,737
719: 755,672,722
720: 776,758
721: 696,674
722: 672,719,676
723: 747,743,631
724: 739,765
725: 730
726: 576,658
727: 782,609,711
728: 730,793
729: 679,548,652,657,682
730: 725,728
731: 768
732: 
733: 
734: 668,736,614
735: 591,597,566,675
736: 694,734
737: 718
738: 697,650
739: 651,724,696,742
740: 758,770,759
741: 777,776
742: 697,696,739,717
743: 747,723
744: 600,599,570,568,701,673
745: 801,792,746
746: 745,790
747: 765,723,743
748: 609,706
749: 767
750: 
751: 
752: 
753: 
754: 644
755: 719
756: 558
757: 
758: 740,720
759: 740
760: 775
761: 762
762: 761
763: 780,630
764: 
765: 747,724
766: 799,630,783,769
767: 769,749
768: 731
769: 767,766
770: 650,712,740
771: 
772: 
773: 779,781
774: 718,797
775: 760
776: 720,717,678,741
777: 741,678
778: 
779: 773,780
780: 779,763
781: 773
782: 727,576,707
783: 766,630
784: 661
785: 
786: 
787: 
788: 790
789: 701,698,629,704
790: 788,746
791: 
792: 801,745
793: 627,728
794: 
795: 
796: 
797: 774,692
798: 
799: 766,630