0: 
1: 
2: 
3: 
4: 
5: 
6: 9
7: 
8: 24
9: 6,94,37
10: 
11: 13
12: 
13: 11
14: 85,103,39,124
15: 46
16: 
17: 18,36,75
18: 53,17,79
19: 
20: 92,118,192
21: 55
22: 
23: 35
24: 8,35
25: 
26: 
27: 74
28: 
29: 133
30: 136,110
31: 88
32: 54,66
33: 
34: 
35: 23,24
36: 17,38
37: 38,94,9
38: 94,37,53,36
39: 150,124,14,85
40: 61
41: 120,174,101
42: 101,103
43: 58,61
44: 64
45: 175
46: 15,67
47: 
48: 71,89
49: 69
50: 136,211
51: 75,140,143
52: 
53: 18,38
54: 114,32
55: 21
56: 73,93,140,96
57: 62,99,172,127
58: 43
59: 76,98
60: 85,103,61,128,63
61: 40,60,43,63
62: 57,99,150,105,172
63: 128,100,60,80,61
64: 44
65: 185
66: 32
67: 46
68: 167,115,193,118,72
69: 189,49,70
70: 138,69
71: 48,112,89
72: 118,91,138,95,68
73: 56,93,75,140
74: 27,101
75: 51,140,17,73
76: 120,59
77: 78,121,146
78: 77,146,99
79: 18
80: 63
81: 175
82: 106
83: 155,379,262
84: 106,107
85: 14,60,103,39,128
86: 132
87: 108
88: 135,31,189
89: 48,71
90: 191,142,247,115
91: 118,72,96
92: 224,20,96,171
93: 73,56,117
94: 38,37,9
95: 138,143,72
96: 171,221,91,56,92
97: 198,225,194,119
98: 121,194,59
99: 146,78,125,62,57
100: 128,63
101: 41,74,42
102: 203,205
103: 14,85,60,42
104: 154,294
105: 172,62,175
106: 82,84
107: 84
108: 87
109: 160,134,327
110: 30
111: 160
112: 71
113: 134,163
114: 54
115: 68,191,193,90
116: 253,117,194
117: 116,93,171
118: 91,72,68,166,20
119: 123,125,225,97
120: 41,76
121: 194,98,77,146
122: 145,253,144,198
123: 173,229,125,119,225
124: 39,150,14
125: 123,119,99
126: 127,177
127: 126,57,172
128: 100,63,85,60
129: 
130: 
131: 209
132: 157,158,86,188
133: 29
134: 113,160,109,327
135: 88,189
136: 30,50
137: 159,245,164,217
138: 70,95,167,72
139: 164,213,216,141,244
140: 51,75,143,221,73,56
141: 142,162,216,139,244
142: 141,167,90
143: 51,140,95,221
144: 254,170,122,198,251
145: 122,224,253
146: 99,121,78,77
147: 226,202,228,279,255
148: 192,248,224,195,170
149: 316,285,258
150: 39,124,62
151: 237,181
152: 153,180,204
153: 230,152
154: 180,104
155: 294,83,262,236
156: 181
157: 158,132,295,188
158: 157,132
159: 241,327,137,245,164
160: 109,111,134
161: 
162: 216,141
163: 216,113,164
164: 139,213,159,137,163
165: 189
166: 219,193,118,192
167: 68,142,138
168: 371,338,280
169: 337,196,248,250,195
170: 195,144,224,148
171: 96,92,117
172: 105,62,57,127
173: 123,229,226,200,205
174: 41
175: 81,105,45
176: 177,201,256
177: 176,203,126
178: 285,203,205,200,202
179: 259,407,436
180: 154,152
181: 156,151
182: 
183: 240,210
184: 386,271
185: 65
186: 211
187: 272
188: 157,132,295,325
189: 69,88,135,165
190: 331,213,244,276
191: 193,90,247,115,302
192: 148,248,219,166,20
193: 191,68,115,166,249
194: 121,98,116,97
195: 254,170,148,248,169
196: 252,169,341,254,199
197: 279,227,342,286
198: 97,122,144,251
199: 254,196,341,279,227
200: 226,202,173,178,205
201: 176,345,372,256
202: 200,147,257,255,178
203: 285,178,205,102,177
204: 231,152
205: 203,178,173,200,102
206: 237
207: 256,261,231
208: 290,209,380
209: 379,262,236,208,131
210: 183
211: 186,50
212: 268
213: 164,139,217,190
214: 269
215: 300,273,270
216: 162,163,139,141
217: 218,137,389,213
218: 217,243,274,390
219: 166,249,192,308
220: 302,276,361,331
221: 140,143,96
222: 250,308,395,246
223: 249,246,308
224: 92,148,145,170
225: 97,123,229,119
226: 200,147,173,229
227: 279,197,341,199
228: 251,147
229: 173,123,225,226
230: 153
231: 320,204,207,261
232: 317,372,260,291
233: 290
234: 287
235: 320,290
236: 262,209,155,237
237: 206,294,236,151
238: 383,385
239: 268
240: 183
241: 159,327,272,245
242: 
243: 328,274,218,332,390
244: 247,276,139,141,190
245: 270,159,241,137
246: 364,223,222,308,395,307
247: 244,276,191,90,302
248: 148,192,250,308,195,169
249: 219,193,302,223
250: 222,308,395,248,337,169
251: 228,144,198
252: 337,196,341,338
253: 116,145,122
254: 195,144,196,199
255: 257,342,147,202
256: 207,201,176,372,261
257: 255,342,202,315,316
258: 345,316,149,405,260
259: 179,291
260: 405,400,345,258,232
261: 317,256,207,320,231
262: 209,236,83,155
263: 321
264: 265,318,470
265: 352,264,470
800: 777,759
267: 
268: 212,239
269: 214
270: 389,245,273,215
271: 299,184
272: 187,241
273: 326,215,270,389,328,274
274: 328,243,389,273,218
275: 304,333,364,306
276: 244,247,331,190,220
277: 363,420,451,393
278: 423,395,337,338
279: 227,197,199,147
280: 338,309,168
281: 368,310,369
282: 459,311,398,515
283: 371,286,284
284: 373,371,283,312,490
285: 203,178,149
286: 373,315,197,283,342
287: 380,321,234
288: 409,347,404,464,292,435
289: 409,524,347,438
290: 208,235,379,233
291: 317,232,259
292: 407,435,288,347
293: 
294: 155,104,237
295: 157,188,325
296: 
297: 
298: 385,357,355
299: 271,325
300: 326,215,416
301: 303,326
302: 220,247,191,249
303: 416,476,301
304: 333,305,275
305: 304,333,361,335
306: 275
307: 246,365,395,424
308: 222,250,219,223,246,248
309: 366,423,338,280
310: 368,281,369
311: 370,396,282,343,398
312: 340,367,284,490,431
313: 373,490,314,343
314: 346,373,313,315
315: 373,286,257,342,316,314
316: 149,257,315,258
317: 232,261,372,291
318: 264
319: 400,465
320: 231,261,235
321: 263,287
322: 382
323: 440
324: 472
325: 295,188,299
326: 300,273,301,328
327: 159,241,109,134
328: 243,274,273,326,332
329: 359,448,360,419
330: 358,448,530
331: 361,190,276,390,220
332: 390,335,328,243,359,334
333: 304,305,275
334: 360,477,332,335
335: 332,390,334,305
336: 394
337: 252,169,250,395,278,338
338: 280,278,423,252,337,309,168
801: 741,777
340: 367,312,371
341: 252,196,199,227
342: 257,255,197,286,315
343: 460,374,398,313,311
344: 465,403,432,376,375
345: 372,258,201,260
346: 314,374,405
347: 289,288,292
348: 578,466,527,553,584
349: 433,552,551,437,377,406
350: 410
351: 408,468
352: 265
353: 357,355,416
354: 443
355: 353,298,356
356: 355
357: 353,298,385
358: 387,330,447,530
359: 329,332,360
360: 334,477,329,359,419
361: 331,390,220,305
362: 511,391
363: 277,420,446
364: 246,365,275
365: 364,307,424
366: 309,423,425
367: 340,312,431
368: 281,425,426,310
369: 457,430,310,281
370: 490,311,431,396
371: 283,168,340,284
372: 345,201,256,317,232
373: 286,313,284,315,490,314
374: 460,343,346,403
375: 464,522,344,492,376
376: 404,344,375
377: 523,433,349,406
378: 
379: 209,83,290
380: 287,208
381: 580,554,466
382: 322
383: 384,238,385
384: 383
385: 298,383,238,357
386: 184
387: 358,447,476
388: 445
389: 270,273,217,274
390: 332,335,218,243,361,331
391: 362
392: 453,511,481,485
393: 277
394: 426,336,452,455
395: 222,250,246,307,278,337
396: 459,430,370,311,431
397: 454,458,489,482,456
398: 460,343,311,282
399: 515,402,432,463
400: 405,260,465,319
401: 402,493,547,515
402: 401,493,399,515,463,552
403: 465,344,460,374
404: 376,435,436,288
405: 400,260,346,258
406: 494,349,437,377
407: 292,435,179
408: 351
409: 289,524,288,496,464
410: 350
411: 439
412: 415,414,445,501
413: 471,415
414: 415,529,412
415: 414,529,412,413
416: 303,353,300
417: 503,666
418: 421,478,530
419: 510,329,360
420: 363,277,446,477
421: 418,478,505,506
422: 565,446
423: 278,338,309,366
424: 365,307
425: 366,368
426: 394,455,368
427: 573,575,604,572,456
428: 429,575,488
429: 428,545,457,430,488
430: 457,369,429,459,396
431: 370,490,367,312,396
432: 492,463,399,344
433: 552,349,492,463,377
434: 579,518,462,551,437,525
435: 407,292,436,404,288
436: 435,404,179
437: 551,525,349,434,406
438: 289,524,527
439: 411
440: 323
441: 611,664
442: 
443: 354
444: 476
445: 388,412,501,473
446: 363,420,449,422
447: 387,358
448: 329,330
449: 510,565,446
450: 565,479,506,483
451: 277
452: 455,394
453: 392,481,512,516
454: 397,484,455,489
455: 452,489,426,394,454
456: 482,572,516,397,427
457: 430,369,545,429
458: 397,484,545,575
459: 396,282,430,488
460: 343,374,398,403
461: 488,571,547
462: 518,434,548
463: 432,492,399,402,433
464: 375,522,409,288
465: 344,403,400,319
466: 578,348,381,554
467: 
468: 351,469
469: 527,468
470: 265,264
471: 413
472: 324
473: 445,475
474: 588
475: 533,560,473
476: 444,303,387
477: 334,360,420
478: 421,418,506,479
479: 565,450,478,506
480: 532,561,504
481: 624,453,392,512,568
482: 456,516,485,489,397
483: 540,596,450,509
484: 454,458,545
485: 489,392,482
486: 598,626,572,514,656
487: 535,595,569,508,624
488: 461,428,429,459
489: 455,485,454,397,482
490: 370,431,312,373,313,284
491: 577,518,493,552,551
492: 432,463,433,375
493: 402,401,547,491,552
494: 607,406,580
495: 553
496: 409,524,522
497: 
498: 
499: 611,637
500: 
501: 560,412,445
502: 557
503: 417,560,643
504: 564,563,480,540,567
505: 533,421
506: 507,421,478,479,450
507: 506,563
508: 569,487,541,624
509: 569,538,483,596
510: 419,449
511: 362,541,392
512: 542,626,568,481,453,516,598
513: 592,536,618,645,695
514: 570,626,486
515: 399,282,402,401
516: 482,572,456,453,512,598
517: 627,574,544,603
518: 577,491,462,520,551,434
519: 571,544
520: 577,518
521: 628,574,602,652
522: 375,464,523,496
523: 377,580,522
524: 289,409,496,438
525: 437,579,434
526: 608,635,578
527: 438,348,469
528: 
529: 415,414
530: 330,358,418
531: 537,669
532: 480,620
533: 475,505,620,643
534: 558,615,640
535: 595,487,596,564
536: 592,513,566,562,695,593
537: 531,690,691,669,594,619
538: 569,509,541
539: 649,675,673
540: 483,596,563,564,504
541: 624,508,538,511
542: 512,626,675
543: 675,673,601,676,570
544: 573,604,519,517
545: 429,484,458,457
546: 628,655,723
547: 401,493,461,571,577
548: 550,462,606,549,659
549: 659,606,705,548,684
550: 579,548,659
551: 437,518,491,552,349,434
552: 433,349,402,493,491,551
553: 348,584,495
554: 581,580,381,466
555: 584
556: 663
557: 502
558: 615,534,640
559: 587,614,616,617
560: 501,503,475
561: 480,567,594
562: 647,695,593,536
563: 507,540,504
564: 504,540,596,535
565: 479,450,449,422
566: 648,536,593
567: 648,561,504
568: 512,481,624
569: 509,508,538,596,487
570: 514,543,676
571: 519,461,547
572: 456,516,486,598,604,427
573: 575,427,544
574: 627,517,521
575: 573,427,458,428
576: 683,705,631
577: 518,491,547,520
578: 348,466,526
579: 434,550,525
580: 523,494,381,554
581: 554,607,635
582: 
583: 609
584: 555,348,553
585: 
586: 
587: 559,640,614,616
588: 474
589: 616,590,669
590: 589,617,691
591: 715,735,670,691,618
592: 619,513,536
593: 647,562,566,536,621,646
594: 648,561,537,619
595: 535,487,621
596: 540,483,564,569,509,535
597: 623,699,646,647,696
598: 486,512,626,572,516
599: 702,629,654,655
600: 656
601: 653,676,623,543,673
602: 652,657,606,521
603: 656,627,517
604: 427,544,572
605: 686,635
606: 602,657,548,549
607: 494,632,581
608: 526,635,686,663
609: 661,633,583
610: 634
611: 499,441
612: 
613: 666,615
614: 668,559,587,617
615: 558,613,534
616: 589,559,587,667
617: 559,614,590
618: 591,715,513
619: 592,537,690,594
620: 643,533,532
621: 595,593
622: 651,625,701
623: 597,699,646,601
624: 541,481,508,487,568
625: 701,653,676,622
626: 512,542,486,598,514
627: 574,517,603,628
628: 546,521,627
629: 702,599,743,655,744
630: 706,707,727
631: 727,576,682
632: 607
633: 685,609,661
634: 709,610,636,685
635: 581,605,686,526,608
636: 634,685
637: 499
638: 
639: 
640: 587,558,665,534
641: 643,667
642: 
643: 620,503,641,533
644: 714
645: 513,695,650
646: 623,597,647,593,649
647: 562,593,597,646
648: 567,566,594
649: 539,646
650: 674,645,695
651: 720,698,622
652: 602,657,521,683
653: 601,676,625
654: 680,599,655
655: 723,654,599,629,546
656: 603,486,600
657: 602,652,606,705
658: 707
659: 549,548,550
660: 663,686
661: 609,710,633
662: 752
663: 660,608,556
664: 441
665: 753,640
666: 613,417
667: 641,616
668: 614
669: 691,589,531,537
670: 591,735
671: 717,692,718
672: 718,755,719
673: 543,675,539,601
674: 650,696,719
675: 543,673,539,542
676: 653,601,543,570,625
677: 701,789,678,724
678: 743,724,701,677,702
679: 728,723,683
680: 654
681: 730,700,707
682: 684,705,631,708
683: 576,705,679,652
684: 682,705,549
685: 633,634,636
686: 605,635,608,660
687: 
688: 
689: 
690: 691,537,619
691: 690,669,590,537,591
692: 737,736,671,717
693: 
694: 756
695: 562,513,536,645,650
696: 739,674,597,699
697: 758,720,738,757
698: 758,720,651,789
699: 623,597,739,696,721
700: 730,747,681,704,793
701: 625,677,622,702,678
702: 599,629,701,678,743
703: 731
704: 724,700,793
705: 683,576,657,549,682,684
706: 630,728
707: 658,681,630
708: 709,682
709: 634,708
710: 731,661
711: 767,732
712: 
713: 
714: 644
715: 591,735,618
716: 734
717: 671,756,736,692
718: 672,671
719: 722,674,672
720: 697,698,651
721: 699,739
722: 719
723: 679,655,546
724: 678,677,789,762,704
725: 746,780
726: 
727: 729,631,630
728: 679,744,706
729: 727,731
730: 747,700,681,744
731: 710,729,703
732: 711
733: 772
734: 716
735: 591,715,670,756
736: 756,717,692
737: 692,770,775
738: 755,697,757
739: 696,699,721
740: 785
741: 801,745
742: 763,761,760,762
743: 678,702,629,747
744: 728,629,730,747
745: 741,763
746: 778,765,793,725,780
747: 730,700,743,744
748: 
749: 751
750: 
751: 749
752: 662
753: 665
754: 
755: 738,672
756: 694,735,736,717
757: 779,738,758,697
758: 697,698,757,779,760
759: 773,776,798,800
760: 758,779,742
761: 765,742,762
762: 789,724,742,761
763: 742,745
764: 
765: 761,746
766: 782,780
767: 711
768: 
769: 
770: 737
771: 
772: 733
773: 759,776,774,797
774: 773
775: 737
776: 759,773
777: 800,788,801,796
778: 746,780
779: 757,758,760
780: 766,725,746,778
781: 790
782: 766,784
783: 799
784: 782
785: 740
786: 
787: 
788: 777
789: 698,677,724,762
790: 781
791: 
792: 796
793: 704,700,746
794: 
795: 
796: 792,777
797: 773
798: 759
799: 783