0: 
1: 
2: 
3: 
4: 
5: 
6: 
7: 
8: 37
9: 37,38
10: 
11: 27
12: 
13: 
14: 60,124,42,103
15: 133
16: 
17: 21,51,75,73
18: 73,94
19: 
20: 92,96,118,192
21: 17,51
22: 27,24
23: 37
24: 22
25: 
26: 64,44
27: 22,11
28: 
29: 
30: 110,242
31: 
32: 
33: 
34: 66
35: 
36: 38
37: 9,8,23
38: 94,36,9
39: 128,62,150
40: 61,43
41: 53,101
42: 124,74,14
43: 80,40,61,63
44: 26,58
45: 
46: 67
47: 
48: 89
49: 165,52,95
50: 186,134,211,160
51: 75,221,55,143,17,21
52: 55,49,95
53: 41
54: 
55: 52,143,51
56: 140,79,171,93
57: 99,123,127
58: 44
59: 121,116,119
60: 14,100
61: 63,40,43
62: 39,128,85,172
63: 61,80,43
64: 26
65: 185
66: 34
67: 46
68: 118,115,72,91,138,96
69: 135
70: 165,167,72,138
71: 
72: 167,191,70,138,68,115
73: 18,17,75
74: 120,42,103
75: 51,221,17,73,140
76: 93,116
77: 121,146,150
78: 125,146,150,99
79: 56
80: 43,63
81: 85,105
82: 106,154,180
83: 236,379
84: 
85: 81,105,128,62,175
86: 325,299,271
87: 108
88: 162,189
89: 48,161,112
90: 167,191,142,247
91: 138,68,96
92: 20,96,170,253
93: 76,116,56
94: 38,18
95: 49,52,143
96: 20,92,91,68
97: 119
98: 117,116
99: 57,125,78,150
100: 175,60
101: 41,174
102: 123,205,203
103: 74,14
104: 294
105: 81,85,172
106: 82,154
107: 
108: 87,185
109: 160
110: 183,30,242,132
111: 211,160
112: 161,89
113: 162,163,141,327
114: 
115: 118,68,72,191,166
116: 93,76,98,59
117: 98,253
118: 68,115,166,249,20
119: 97,59,146
120: 74
121: 59,174,77
122: 145,194,144,198
123: 205,102,57
124: 42,174,14
125: 78,225,99
126: 230
127: 57
128: 39,62,175,85
129: 
130: 181,182
131: 380,209,379,262
132: 242,110,187
133: 15
134: 186,50,160
135: 69,162
136: 211
137: 270,389,159,164,217
138: 91,70,72,68
139: 244,276,190,216,142
140: 56,75,171
141: 162,163,113,216
142: 189,139,90
143: 55,95,51,221
144: 254,169,122,198,251
145: 122,194,170,253
146: 78,119,77
147: 251,198,228,229,255
148: 192,224,248,250,195
149: 316,178,285,345,346
150: 39,77,78,99
151: 156
152: 204,153,231
153: 152
154: 180,82,106
155: 294,204,236
156: 151
157: 158,212,188
158: 157,210,188
159: 241,327,137,164
160: 211,109,111,50,134
161: 112,89
162: 141,113,135,88
163: 141,113,327,213,216
164: 213,159,327,137,217
165: 49,189,70,167
166: 249,191,193,118,115
167: 72,191,90,165,70
168: 280,252,341,227
169: 254,144,195,224,251
170: 92,224,145
171: 140,56
172: 62,105
173: 200,202,226,229
174: 124,101,121
175: 100,128,85
176: 177,201,230,256,207
177: 201,176,203,230
178: 200,202,149,285
179: 319,404
180: 154,82
181: 130
182: 130
183: 210,110
184: 386
185: 108,65
186: 50,134
187: 132
188: 158,157,210
189: 142,165,88
190: 276,139,213,216,331,217
191: 167,72,90,247,115,166
192: 148,224,249,20,248
193: 247,302,166
194: 122,145
195: 254,169,148,224,250,196
196: 252,341,250,254,195
197: 283,227,286
198: 122,144,251,147
199: 279,227,254,341,251
200: 202,173,203,178,285
201: 177,285,176,256
202: 200,173,178,226
203: 200,102,177
204: 152,231,155
205: 123,102
206: 
207: 256,176,261
208: 209
209: 380,131,379,208
210: 183,158,188
211: 160,136,111,50
212: 267,157
213: 164,216,327,163,217,190
214: 296,238,384
215: 328,273,300
216: 213,163,141,139,190
217: 331,137,164,213,190
218: 331,389,243,274
219: 308,249,248
220: 390,244,276,302
221: 51,75,143
222: 248,395,308,246,278
223: 302,361,304
224: 148,192,170,169,195
225: 228,125
226: 255,257,202,173
227: 199,341,168,197
228: 225,147,229
229: 147,228,173
230: 126,177,176
231: 290,152,204
232: 258,260,259,291
233: 235,290
234: 382,380,287
235: 233,320,290,261
236: 83,155,379,262
237: 294
238: 296,239,214,384
239: 238,384,385
240: 
241: 159,272,245
242: 132,30,110
243: 332,274,218,334
244: 276,139,220,247
245: 272,241
246: 364,308,304,222,307,278
247: 193,244,191,90
248: 395,250,222,308,219,148,192
249: 166,118,219,192
250: 248,395,148,195,196
251: 147,254,144,169,198,199
252: 196,341,337,168
253: 117,92,145
254: 144,169,195,196,251,199
255: 226,147,279,257
256: 207,201,176,372,317
257: 342,226,255,316
258: 374,232,260,346
259: 317,320,372,232,291
260: 345,372,346,258,232
261: 290,207,235
262: 236,379,131
263: 408,352
264: 
265: 352
800: 801,788
267: 269,212
268: 
269: 267,296
270: 137,273
271: 299,86
272: 245,241
273: 270,328,215,274
274: 243,273,389,328,218
275: 365,424
276: 244,139,190,331,220
277: 446,391,511
278: 307,337,246,395,222
279: 199,255,286
280: 168,340,338,283,371
281: 545,484,368,309,310
282: 398,401
283: 197,371,280
284: 312,490,431,373
285: 201,200,178,149,345
286: 342,279,197
287: 321,352,380,234
288: 435,404,465
289: 496,580,464,524,522
290: 231,261,235,233
291: 319,400,232,259
292: 407,347,351
293: 
294: 237,155,104
295: 325
296: 238,269,214
297: 442,383
298: 385,357
299: 325,86,271
300: 301,303,326,328,215
301: 300,303,326,387
302: 223,361,390,220,193
303: 301,300,416,476,387
304: 308,223,364,246
305: 335,361
306: 420,333,393
307: 278,246,424,336
308: 304,219,246,248,222
309: 310,340,338,366,368,281
310: 309,545,281,367,369
311: 459,488,429
312: 490,284,431,370,459
313: 315,346,374
314: 373,315,490,343
315: 373,342,316,313,314
316: 149,257,342,315
317: 320,259,372,256
318: 468,467
319: 291,400,179,404
320: 317,259,235
321: 287,352
322: 382
323: 
324: 
325: 299,86,295
326: 301,300,328,332,448
327: 159,163,113,164,213
328: 215,273,300,326,274
329: 
330: 358,387,421
331: 218,217,276,190
332: 243,326,448,359,334,360
333: 306,477
334: 360,243,332
335: 390,305
336: 366,424,307
337: 278,395,252,423
338: 309,340,423,280
801: 800
340: 309,338,280,371,367
341: 252,196,168,227,199
342: 286,257,315,316
343: 460,314
344: 432,403,399,376,492
345: 372,260,346,149,285
346: 345,260,149,313,258
347: 438,409,292,351
348: 584,466,553
349: 551,433,437,525,607
350: 
351: 408,292,347
352: 321,287,263,265
353: 386,416
354: 443
355: 356,444
356: 355,413,444,529,415
357: 385,298
358: 330,387
359: 448,332,419
360: 334,332,477,419
361: 302,223,390,305
362: 538,511,541
363: 565,446
364: 246,304
365: 275,393
366: 336,368,309
367: 431,370,310,340,369
368: 426,425,366,309,281
369: 457,430,310,545,367,370
370: 367,431,369,430,312
371: 283,280,340,431
372: 345,260,256,317,259
373: 315,490,284,314
374: 258,313,405
375: 377,492
376: 465,344,492
377: 523,375,522,580
378: 
379: 236,83,262,131,209
380: 131,209,287,234
381: 578,466,554,526
382: 234,322
383: 384,297
384: 383,214,442,238,239
385: 239,298,357
386: 353,184,416
387: 358,330,476,301,303
388: 414,447,412
389: 137,218,274
390: 220,335,302,361
391: 394,277
392: 511,541,452,485,482
393: 306,451,365
394: 391,425,452
395: 248,250,222,278,337
396: 460,490,459,398
397: 489,454,455,484,458
398: 282,460,396
399: 403,460,432,344
400: 291,319
401: 493,282,515,402
402: 463,552,493,401,515
403: 405,399,344
404: 436,288,319,465,179
405: 403,374
406: 433,523,525
407: 292
408: 351,263
409: 464,524,435,438,347
410: 
411: 470
412: 560,445,414,388
413: 471,443,356,415
414: 388,412
415: 356,413,471,529
416: 476,386,353,303
417: 643,501
418: 421,478,507
419: 477,359,360,510
420: 306,477,449,451
421: 530,505,330,418,507
422: 565,450
423: 337,338
424: 275,307,336
425: 426,368,394
426: 425,452,368,485
427: 517,573
428: 575,458,429,573
429: 488,430,428,311
430: 457,369,370,429
431: 367,370,371,312,284
432: 344,515,399
433: 551,349,406,552
434: 579,548,550,610,659
435: 436,288,464,409
436: 435,404
437: 579,518,551,349
438: 347,409,524
439: 467
440: 
441: 611
442: 297,384
443: 413,354
444: 529,355,356
445: 560,412,473
446: 451,277,449,363
447: 388
448: 359,326,332
449: 510,565,420,446,451
450: 540,483,479,422
451: 446,449,420,393
452: 426,394,392,485
453: 516,482,512,568
454: 397,489,575
455: 485,456,484,397,489
456: 516,455,489
457: 369,430,545,458
458: 428,575,397,457
459: 311,312,396
460: 343,396,398,399
461: 488,571,547
462: 520,574,518,579,606
463: 402
464: 409,524,522,435,289
465: 376,404,288
466: 578,381,348,584
467: 318,439
468: 318
469: 496
470: 411
471: 413,474,415
472: 
473: 475,445,530
474: 471
475: 533,473,560
476: 416,303,387
477: 419,360,420,333
478: 479,507,418
479: 478,507,450
480: 620,532,641,563,531
481: 539,569,508,568
482: 453,392
483: 540,450,509
484: 545,281,455,397
485: 455,392,426,452
486: 514,598,512,600
487: 535,569,649
488: 461,429,311
489: 397,454,455,456
490: 312,284,373,314,396
491: 577,518,552,551
492: 344,376,375
493: 401,547,402,552
494: 554,581
495: 555
496: 289,580,469
497: 
498: 
499: 
500: 502
501: 560,417
502: 500
503: 643,620,641
504: 564,648
505: 421,530,533,507
506: 533,563,540
507: 478,479,421,505,418
508: 624,596,569,481
509: 596,538,483
510: 565,449,419
511: 392,541,277,362
512: 568,516,453,486,598
513: 619,695,536
514: 486,656,600,604
515: 432,401,402
516: 453,456,512
517: 603,544,427
518: 577,491,462,520,551,437
519: 571,577,547
520: 462,521,577,518
521: 520,602
522: 464,377,289,580
523: 377,406,525
524: 464,409,289,438
525: 581,406,349,523,607
526: 554,578,381,608
527: 553
528: 
529: 444,356,415
530: 421,505,473
531: 561,669,480
532: 620,480,533,563
533: 475,505,532,506,563
534: 641,667,616
535: 569,487,596
536: 592,593,695,513,562
537: 691,735,619
538: 596,509,362,541
539: 481,542,568,626
540: 483,450,506
541: 392,511,362,538,624
542: 673,539,675,626
543: 675,600,570
544: 603,517,604,572
545: 484,281,310,457,369
546: 627,652,723
547: 577,461,571,519,493
548: 549,684,606,434,659
549: 548,684,606,657,705
550: 632,607,610,434
551: 349,433,491,518,552,437
552: 402,493,491,551,433
553: 527,348
554: 526,494,381
555: 495
556: 
557: 
558: 615,640
559: 616,587,617
560: 445,412,501,475
561: 531,669,567
562: 645,650,536,593,647,696
563: 533,480,532,506
564: 504,595
565: 510,449,422,363
566: 621,592
567: 561,669,594,690
568: 512,481,539,453
569: 535,487,649,596,508,481
570: 543,676,680
571: 573,519,461,547
572: 598,544,604
573: 571,428,427
574: 462,602,606
575: 428,458,454
576: 679,706,683
577: 491,547,518,519,520
578: 466,381,526,584
579: 434,437,462,606
580: 289,496,377,522
581: 525,632,607,494,635
582: 608,584
583: 633,750
584: 348,578,466,582
585: 
586: 
587: 640,667,559,616
588: 639
589: 616,590,691
590: 617,589,735
591: 618,715,619
592: 536,594,695,621,566
593: 536,621,562,647,646
594: 567,695,690,592
595: 564,648
596: 509,538,535,569,508
597: 647,653
598: 572,486,512
599: 654,701,678
600: 543,514,486
601: 676,699,675
602: 521,652,574
603: 517,544,604,628
604: 603,544,514,572,656
605: 635,632,610,686
606: 549,548,462,574,579
607: 550,632,349,525,581
608: 582,526
609: 661,750,710
610: 550,632,434,636,659,605
611: 441
612: 
613: 666,639
614: 668,716,642
615: 667,666,558
616: 559,589,587,534
617: 590,559
618: 591,715,718
619: 690,513,537,591
620: 480,532,503,643,641
621: 623,566,592,593,646
622: 721,625,701
623: 621,649,646
624: 508,541
625: 721,739,699,622
626: 675,539,542
627: 546,652,628
628: 603,627
629: 654,723,744
630: 707,793,700
631: 706,700
632: 550,607,610,581,635,605
633: 583
634: 708,729,684,682,709
635: 605,581,632
636: 709,659,610,660
637: 663
638: 752,687
639: 613,588
640: 587,558,665
641: 534,503,620,480
642: 694,614,670
643: 417,503,620
644: 714
645: 650,562
646: 621,623,593
647: 597,593,562,696,653
648: 504,595
649: 569,487,623
650: 645,562,674,696
651: 720,721,698,789
652: 546,627,657,602
653: 696,647,597,699
654: 599,629,680,655
655: 654
656: 514,604
657: 652,705,679,549
658: 726
659: 709,636,434,548,684,610
660: 686,636,685
661: 609,710
662: 
663: 637
664: 
665: 640
666: 613,615
667: 615,587,534
668: 716,614
669: 561,531,567,691
670: 735,715,642,756
671: 717,756
672: 755,718,692,774
673: 542,675
674: 696,650,722,719
675: 543,626,673,542,601
676: 601,699,570,701
677: 678,789,702,724
678: 677,701,599
679: 705,576,657
680: 570,654
681: 747,744,683,730,793,728
682: 684,634,729
683: 681,744,576,706,728
684: 549,548,682,709,659,634
685: 708,660
686: 660,605
687: 638
688: 
689: 
690: 619,695,567,594
691: 537,589,669
692: 736,737,672
693: 
694: 642,717
695: 690,513,594,536,592
696: 674,653,650,562,647
697: 738,720,722
698: 789,762,720,651,758
699: 676,601,653,625,739
700: 728,706,630,631
701: 676,622,678,599
702: 677,704,724,747,743
703: 784,726,731
704: 724,765,702,743
705: 679,706,657,549
706: 705,576,683,728,700,631
707: 630,725,730,793
708: 634,729,685
709: 636,659,684,634
710: 609,661
711: 748
712: 
713: 
714: 644
715: 670,735,756,591,618
716: 668,614
717: 756,671,694
718: 618,672
719: 722,755,674
720: 738,697,651,758,698
721: 625,739,651,622,789
722: 719,674,697
723: 629,546
724: 704,677,789,762,702
725: 730,743,707
726: 658,731,703,784
727: 
728: 793,700,681,683,706
729: 634,708,682
730: 725,743,681,793,707
731: 726,703
732: 
733: 773
734: 
735: 670,715,590,537
736: 692,737,770,775
737: 736,692,774,775
738: 720,697,758
739: 721,625,699
740: 798
741: 745,781
742: 760,779,745
743: 725,730,702,704,765,747
744: 681,747,683,629
745: 741,742,761
746: 780
747: 681,744,702,743
748: 711
749: 768
750: 609,583
751: 
752: 638
753: 
754: 
755: 672,774,719
756: 717,671,670,715
757: 797,773,776,777
758: 779,738,720,698
759: 788
760: 742,762,763,761
761: 763,760,745
762: 698,760,724,763
763: 761,762,760,765
764: 795
765: 704,763,743
766: 782
767: 784
768: 769,749
769: 768
770: 736
771: 
772: 775
773: 797,757,733,776
774: 737,672,755
775: 772,736,737
776: 773,757,777
777: 757,776
778: 
779: 758,742
780: 746
781: 790,796,741
782: 766
783: 
784: 703,726,767
785: 
786: 
787: 
788: 759,800
789: 698,721,651,677,724
790: 781,791,796,792
791: 790
792: 796,790
793: 728,681,730,707,630
794: 799,795
795: 764,794
796: 792,790,781
797: 773,757
798: 740
799: 794