0: 
1: 
2: 
3: 
4: 
5: 51,66,32
6: 34,18
7: 9,19,22
8: 13
9: 7,19
10: 35,76,74
11: 23,24
12: 
13: 8
14: 27,60
15: 51
16: 66
17: 34
18: 21,20,6,73
19: 7,9
20: 18,73
21: 18,37
22: 40,7
23: 11,24
24: 11,23,40
25: 58
26: 27,103,42
27: 26,14,42
28: 
29: 
30: 
31: 112,46,161
32: 66,5
33: 37
34: 17,6
35: 10,74
36: 76,56,74,38,96
37: 21,33
38: 36,74,94,96
39: 101,59
40: 53,22,24
41: 59,98,78
42: 58,26,27
43: 103,61
44: 64
45: 128,80,62,63
46: 67,47,31,161
47: 112,65,46
48: 54,50,70,69
49: 161,89,114
50: 54,48,51
51: 5,15,50
52: 91,71,75,55
53: 40
54: 48,50,70,71
55: 94,52
56: 36,96,97,79,77
57: 78,77,97,121,146,99,123
58: 25,42
59: 41,101,39
60: 14
61: 64,80,103,43
62: 82,45,128,105
63: 80,45,85
64: 61,80,44
65: 87,86,47
66: 16,32,5
67: 113,46,109,161
68: 69,139,141,166
69: 70,68,139,48
70: 69,54,48
71: 91,52,73,54
72: 115,75,91,143
73: 71,18,20
74: 76,36,38,35,10
75: 72,115,91,52,95,143
76: 36,74,10,79
77: 57,78,56,97,98
78: 57,77,98,41,99
79: 98,76,56
80: 64,61,45,63
81: 100,128
82: 62,178
83: 180,209,151,207
84: 
85: 63
86: 65
87: 65
88: 140,138,137,89
89: 160,161,49,88
90: 141,165,163,191
91: 52,71,72,75
92: 119,93,171,118,145
93: 92,119,117,143
94: 55,95,38,96
95: 117,143,75,94
96: 97,116,94,36,56,38
97: 96,120,116,56,121,57,77
98: 79,78,77,41
99: 125,57,78,123,174
100: 81,124
101: 39,59
102: 124,125,174,175
103: 26,43,61
104: 106
105: 62
106: 104
107: 294
108: 
109: 187,67,160
110: 157,132,111,185
111: 133,110
112: 47,31
113: 67
114: 49
115: 72,75,166,143
116: 96,97,120,117,119
117: 95,143,119,93,116
118: 142,192,221,92,145
119: 92,93,171,117,116,122
120: 97,116,122,121
121: 122,198,97,120,57,146
122: 225,198,121,119,171,120
123: 173,174,57,146,226,99
124: 102,125,100
125: 99,174,102,124
126: 177,150
127: 207,152,176,205
128: 45,81,62
129: 
130: 
131: 181,182
132: 210,110,157,185
133: 186,111,185
134: 159,211,135,186,136
135: 159,134,211,271,188
136: 187,186,159,134
137: 88,138,162,189
138: 88,140,137,189,163,165
139: 140,69,68
140: 88,138,139,165
141: 90,165,68,166,142
142: 166,118,141,192
143: 117,95,72,115,75,93
144: 222,194,170,169,223
145: 170,118,221,92,171
146: 226,198,121,57,123
147: 229,228,254,283,149
148: 254,253,255,197
149: 200,285,147,228,257
150: 178,126
151: 207,152,83
152: 127,207,151
153: 207,204,205,209,233
154: 318,208,206,262
155: 235,181
156: 182,181
157: 110,158,132,210
158: 157,183
159: 134,135,136,187
160: 162,89,109,187,161
161: 67,46,31,160,89,49
162: 160,187,137
163: 138,90,165,190
164: 218,189,274,245
165: 141,90,140,138,163
166: 142,68,141,115
167: 220,276,219,248,193
168: 222,248,195,308,250
169: 251,224,170,144,223
170: 194,145,221,144,224,169
171: 92,119,145,122,225,224
172: 254,226,173,229
173: 123,202,174,172
174: 173,123,99,125,102,175
175: 202,174,102
176: 177,127,205
177: 201,203,126,176,230
178: 150,82
179: 320,260,259,291
180: 83,209,235
181: 155,156,182,131
182: 156,181,131
183: 158
184: 327,268
185: 110,132,133
186: 133,136,134
187: 136,109,159,162,160
188: 274,213,135,271,216
189: 164,216,138,137
190: 247,218,163
191: 247,219,90,192
192: 249,221,191,219,142,118
193: 248,308,276,167,304,306
194: 170,249,221,195,144
195: 248,249,194,168
196: 252,223,251,337
197: 255,227,251,252,148
198: 122,225,121,199,146,253
199: 251,224,225,198,253
200: 285,149,283,284,343
201: 203,177,257,230,256
202: 173,229,175
203: 201,177,228
204: 261,205,291,153,233
205: 204,261,176,127,153
206: 154,262
207: 127,153,152,151,83,209
208: 235,233,290,154
209: 83,180,207,153,235,233
210: 132,238,157
211: 134,135,271,215
212: 295,296
213: 188,271,215,300
214: 295
215: 271,272,241,211,213
216: 188,189
217: 220,246,218
218: 164,190,217
219: 247,191,220,167,192,249
220: 217,276,167,247,219
221: 192,249,118,194,170,145
222: 168,144,250,279,223
223: 196,222,144,169
224: 199,169,171,170,225
225: 122,198,171,199,224
226: 146,253,172,123
227: 255,197,284,252,312
228: 147,229,149,203
229: 147,228,254,172,202
230: 231,201,177,232,256
231: 230,232,261
232: 258,256,231,230,260
233: 235,208,290,153,204,291,209
234: 263
235: 208,233,180,209,155
236: 264
237: 
238: 210
239: 240
240: 239,242
241: 242,215,272
242: 241,240
243: 389,301,300,273
244: 302,246,275,332
245: 274,164,273
246: 217,276,244,275
247: 191,190,219,220
248: 195,308,193,167,249,168
249: 192,221,219,248,195,194
250: 278,279,308,307,222,168
251: 199,169,196,252,197
252: 196,251,337,227,197
253: 148,198,199,226
254: 148,172,255,283,147,229
255: 227,283,197,254,148
256: 258,232,201,315,230
257: 286,285,149,201
258: 232,256,315,316
259: 179,287,321,378
260: 179,320,232,261
261: 204,205,291,231,260
262: 154,206
263: 234,292
264: 236
265: 
800: 796,791
267: 
268: 327,357,296,298,184,269
269: 326,298,353,357,268
270: 299,272,301
271: 215,211,135,188,213
272: 215,300,241,299,270
273: 302,389,243,245
274: 188,164,245
275: 361,304,332,244,246
276: 220,167,246,304,193
277: 307,306,333,335,365
278: 250,279,309,307,395
279: 250,278,309,222,337
280: 337,338,312,282
281: 368,370,310,338,282
282: 312,280,338,281
283: 255,284,254,147,200
284: 227,283,313,200
285: 200,149,343,257,286
286: 315,257,285,343,372
287: 288,344,320,259
288: 287,344,375,319
289: 377,349,435,379
290: 208,233,291,318
291: 204,261,179,233,290
292: 409,263,382,350
293: 380
294: 107
295: 214,212,385
296: 385,212,268
297: 383,324
298: 385,353,268,269
299: 270,327,272
300: 272,213,243
301: 243,270
302: 244,273,389,303,330,332
303: 359,330,302,332,331
304: 275,276,193,306
305: 390,331,363,336
306: 307,277,304,308,193
307: 306,277,308,365,250,278
308: 248,193,307,306,168,250
309: 278,279,395,367,338
310: 367,396,338,426,368,281
311: 313,341,371
312: 282,313,280,227
313: 312,311,284,341
314: 343,341,371,431,372,373
315: 286,372,342,258,256,316
316: 345,344,315,342,258
317: 376,319,374,346,345
318: 321,154,290
319: 376,317,375,345,344,288
320: 179,260,344,287
321: 318,259,378
322: 347,408
323: 441,410
324: 297
325: 384
326: 269,414,357
327: 357,268,184,299
328: 329,358
329: 328,416,358,356
330: 303,389,302
331: 305,390,303,359,332
332: 361,275,302,244,303,390,331
333: 334,336,335,390,277
334: 333,336,366,392,424
335: 333,361,390,277
336: 333,334,305,390,363
337: 280,279,196,252
338: 367,310,309,280,282,281
801: 743,745,747,724,780
340: 399,371,370,490
341: 343,314,311,313,371
342: 372,373,315,374,345,316
343: 341,314,200,285,286,372
344: 345,316,319,320,287,288
345: 316,344,342,317,319
346: 374,404,460,376,317
347: 378,322,435,408,379
348: 406,407,468,438
349: 289,377,522,436
350: 351,292,381
351: 439,350,411,441
352: 380,382,411
353: 384,298,355,269
354: 472,413
355: 415,353,384
356: 387,477,418,329,419
357: 327,268,326,269
358: 419,329,328
359: 303,360,449,331
360: 421,449,509,359,362
361: 275,332,390,335
362: 363,360,509,391
363: 362,305,336,392,422
364: 395,366,454,367,396
365: 366,307,277,395
366: 334,365,395,364,424
367: 396,310,338,309,395,364
368: 281,370,310,397
369: 455,426,427,397,430,489
370: 368,281,398,397,340
371: 399,340,431,311,341,314
372: 342,373,343,314,315,286
373: 372,342,314,431,374
374: 346,342,373,317
375: 376,319,288,377
376: 317,375,319,346,405
377: 289,349,375,522
378: 347,259,321,379
379: 435,289,378,347
380: 382,293,352
381: 439,350,469
382: 411,292,380,352
383: 297
384: 353,325,413,355
385: 296,298,295
386: 445,417
387: 356,418,416,444,476,446
388: 414,416,444
389: 243,302,273,330
390: 305,331,361,332,333,336,335
391: 451,509,538,362
392: 422,393,363,334,424,423
393: 392,422,452,423
394: 484,485,511,512
395: 364,366,365,278,309,367
396: 367,310,364,454,426
397: 398,430,369,426,368,370
398: 397,430,457,370,490
399: 340,371,431,490,400
400: 404,399,431,432
401: 459,462,402,463,493,434
402: 460,432,401,459,463
403: 405,433,463,460,434
404: 400,346,460
405: 403,376,522
406: 348,436,495,496
407: 435,408,348,409
408: 435,407,322,347,409
409: 292,407,408
410: 441,323
411: 382,351,352,441
412: 501
413: 415,354,384
414: 326,388
415: 413,355
416: 444,388,329,387
417: 505,530,445,386,447
418: 387,356,477,448,446,479
419: 358,356,477,449
420: 450,538,479,421,509
421: 360,449,509,477,420,479
422: 392,393,363,451,452
423: 425,392,393,485
424: 454,334,366,392
425: 454,423,485,455
426: 455,369,396,310,397
427: 456,458,455,369,489
428: 456,458,484,487,516
429: 432,457,461,518,459
430: 398,397,457,369,489,488
431: 399,371,314,373,400
432: 429,400,402,459
433: 403,552,434,465,522,437
434: 464,552,493,401,403,433,463
435: 407,408,379,289,347
436: 465,522,349,406
437: 523,433,552,465
438: 468,348,495,524
439: 351,381,469
440: 497,470
441: 410,411,351,323
442: 
443: 472
444: 416,388,476,387
445: 386,417
446: 448,507,447,476,387,418,479
447: 476,530,417,446,507
448: 446,507,418,478,450,479
449: 360,421,419,477,359
450: 420,479,448,478,565
451: 481,508,391,422,452,482
452: 511,482,451,422,393
453: 540,539,511,512,541
454: 425,424,364,396
455: 369,426,425,427,456
456: 427,458,428,455,516
457: 398,430,488,490,429,461
458: 427,456,428,516,489,514
459: 401,462,432,429,518,402
460: 402,404,346,403,463
461: 515,518,457,488,429
462: 492,401,459,491,518,493
463: 403,402,460,401,434
464: 552,493,434,549,523,579
465: 522,436,433,437,496
466: 608,525,581,494,580
467: 524,527,469,499
468: 438,348
469: 470,381,467,439
470: 469,584,440,497
471: 
472: 443,354
473: 558,503,505,560,531
474: 502,501,503
475: 505,530,560,532
476: 447,444,387,446
477: 356,418,419,421,449
478: 504,448,507,450,565
479: 450,420,418,448,446,421
480: 565,506,563,510,564
481: 451,508,483,482,569
482: 452,511,481,451,569
483: 567,510,481,508,568,569
484: 485,394,512,428
485: 484,394,425,423
486: 512,541,570,487,542
487: 516,571,486,512,428,542
488: 489,545,430,457,461
489: 488,369,427,458,430
490: 398,457,399,340
491: 462,518,520
492: 462,520,517,493,549
493: 464,434,549,492,401,462
494: 525,523,580,466
495: 580,553,496,406,438
496: 495,580,465,406
497: 440,470,584
498: 
499: 584,467,527
500: 
501: 412,474
502: 474,557,585
503: 474,473
504: 478,506,507,533
505: 475,530,417,473
506: 504,533,565,480,563
507: 448,446,447,530,504,478
508: 481,451,538,483,510
509: 360,421,420,538,362,391
510: 483,567,564,565,480,508
511: 452,482,453,394
512: 486,541,453,484,394,487
513: 624,596,539,541,570,543
514: 544,573,519,458,516,571
515: 461,545,547
516: 487,571,456,458,428,514
517: 520,606,492
518: 461,429,459,462,491
519: 514,544,573,546,547,575,574
520: 606,517,492,491,603
521: 577,606,551,550
522: 465,436,405,433,377,349
523: 437,464,552,579,494
524: 467,553,438
525: 579,581,494,578,466
526: 607,581,578,554
527: 555,467,499
528: 
529: 
530: 505,475,417,447,507
531: 560,558,666,473,614
532: 560,475,533,561
533: 561,532,504,506,616
534: 589,667,614,561
535: 562,563,564,537,566
536: 648,562,537,593
537: 566,593,562,535,536
538: 420,509,508,391
539: 568,540,453,513,596,541
540: 568,453,569,539,596
541: 486,512,453,539,513,570
542: 601,572,486,570,487
543: 570,597,624,513,622
544: 514,573,519,545,547
545: 488,544,515,547
546: 599,572,573,519,574
547: 575,545,544,519,515
548: 578,632,551
549: 464,493,492,577
550: 551,605,606,576,521
551: 550,521,577,548
552: 464,434,433,523,437
553: 495,608,524
554: 632,526,660
555: 527,556,582
556: 582,555
557: 586,502
558: 666,473,588,531
559: 615,587,666,641
560: 532,531,473,475
561: 533,532,534
562: 535,592,537,536
563: 535,616,506,480
564: 567,510,480,535,566
565: 480,478,506,450,510
566: 537,621,593,535,567,564,568
567: 483,510,564,566,568
568: 540,569,539,483,567,566,621,596
569: 568,540,481,483,482
570: 597,543,513,486,541,542
571: 487,516,572,514,573
572: 542,600,601,571,573,546
573: 514,544,519,571,572,546
574: 602,628,519,546,575
575: 547,519,602,574,603
576: 631,705,603,606,550
577: 521,549,551,579
578: 632,548,525,581,526
579: 525,464,577,523
580: 495,496,494,608,466
581: 525,578,466,526
582: 556,555
583: 607,610
584: 499,470,497
585: 640,588,502
586: 557
587: 640,588,666,559
588: 640,585,587,558,666
589: 534,667,617,669
590: 669,670,667
591: 645,618,620,594
592: 620,617,562,616
593: 537,566,621,536,648,595,650
594: 648,672,591
595: 648,672,593,650,623
596: 624,513,621,568,540,539
597: 570,543,675,622,598,625
598: 601,597,625,626
599: 546,600,627
600: 601,572,626,599,627
601: 542,600,598,572,626
602: 574,628,575,604,705,603
603: 576,705,575,602,520,606
604: 679,630,602,628,705
605: 659,550,631,657,633
606: 520,517,576,603,521,550
607: 526,660,583
608: 466,580,553
609: 663,708
610: 583
611: 636
612: 
613: 639
614: 690,531,534,667
615: 559,690,666,641
616: 563,533,617,592
617: 589,616,620,592
618: 591,619,669,670,644
619: 645,618,644,716
620: 592,617,591
621: 566,593,568,624,596,650
622: 675,649,623,597,543
623: 649,595,624,650,622
624: 513,596,650,621,623,543
625: 676,626,597,651,675,598
626: 625,676,652,600,601,598
627: 654,656,600,652,599
628: 602,574,656,604
629: 653,654
630: 604,683
631: 576,705,683,657,605
632: 578,548,554,659
633: 634,658,657,605,659
634: 633,685,658,659,635
635: 686,634,685
636: 611,662
637: 638,688
638: 637
639: 613,665,641
640: 588,585,587
641: 691,639,615,559,690
642: 668,694
643: 694,690,691
644: 670,715,619,618,716
645: 591,619,646,695
646: 647,645,695,718
647: 646,672,718,673,696
648: 536,594,672,595,593
649: 623,673,622,674
650: 624,621,593,595,623
651: 675,699,674,625,676
652: 676,626,654,627,653
653: 629,676,652,701
654: 627,656,652,629,679
655: 723,679,727
656: 654,627,628,679
657: 683,631,605,633
658: 633,634,685,684
659: 605,633,634,632
660: 554,607
661: 688
662: 664,636
663: 609,686,708
664: 662
665: 691,639
666: 558,588,587,615,559,531
667: 534,589,614,590
668: 642
669: 670,590,589,618
670: 669,644,590,715,618
671: 756,695
672: 648,594,595,647,673
673: 696,672,647,649
674: 699,649,719,651,675
675: 651,622,597,674,625
676: 625,626,652,651,653
677: 720,721,789,722
678: 700,701,761,680
679: 604,654,656,655
680: 678,702
681: 707,726,706,729
682: 706,727,683
683: 657,630,631,682
684: 728,706,658,729
685: 634,658,635
686: 635,663
687: 711
688: 661,637
689: 713
690: 615,641,691,614,643
691: 665,641,690,643,694
692: 734,693
693: 715,694,692
694: 643,691,642,693,715
695: 737,718,645,671,646
696: 673,719,647,718
697: 738,721
698: 699,719,720
699: 698,674,719,651
700: 744,678,761,762,743
701: 653,678
702: 725,680,744,723
703: 707,725,704,765
704: 747,724,725,703,765
705: 631,576,603,602,604
706: 682,681,684,729
707: 703,681,726,725
708: 731,767,663,609
709: 730,729,749
710: 751
711: 687
712: 
713: 689
714: 754,736
715: 693,694,670,644
716: 756,644,619,735
717: 770
718: 737,695,646,647,696,738
719: 696,698,699,674
720: 677,721,698,722
721: 677,720,697
722: 761,677,720
723: 726,655,702,727
724: 704,747,744,743,801,725
725: 702,704,724,707,703
726: 723,727,707,681
727: 682,726,723,655
728: 684,729,767
729: 709,706,681,684,728
730: 709,749
731: 708,767
732: 
733: 736,772,785
734: 692
735: 755,754,716,756
736: 733,714,754,755
737: 695,718,739
738: 718,697,739
739: 737,738
740: 775,773,788
741: 759,789,760
742: 789,778
743: 801,762,700,744,724
744: 700,743,702,724
745: 801,778,763,780
746: 747,794,765,784
747: 746,704,724,801,780
748: 765,784,766,749
749: 748,766,709,730
750: 769
751: 710
752: 
753: 
754: 714,736,755,735
755: 770,735,754,736
756: 716,671,735
757: 776,770,774
758: 
759: 741,775,797
760: 779,777,741
761: 722,762,700,678
762: 761,700,743
763: 793,790,778,745
764: 794,781,782
765: 748,784,766,746,704,703
766: 765,748,749
767: 728,731,708
768: 
769: 750
770: 755,717,757
771: 787,786
772: 733,785,776
773: 776,740
774: 757
775: 740,788,759,797
776: 773,757,772
777: 779,760,790
778: 779,742,745,763
779: 777,760,790,778
780: 801,745,747
781: 794,764
782: 764,795
783: 
784: 765,748,746
785: 733,772
786: 787,771
787: 771,786
788: 775,740,797
789: 677,741,742
790: 779,777,763,792
791: 800
792: 790
793: 763,799
794: 764,746,781
795: 782
796: 800
797: 775,788,759
798: 
799: 793