0: 
1: 
2: 
3: 
4: 
5: 29
6: 34
7: 
8: 
9: 11,10
10: 9
11: 9
12: 
13: 
14: 
15: 
16: 
17: 103,93
18: 100,74
19: 
20: 72,68,224
21: 91,221
22: 36,74
23: 60,116,124
24: 60,40
25: 44,64
26: 64
27: 
28: 
29: 5
30: 
31: 161,88
32: 89,91
33: 
34: 46,133,6
35: 94,100
36: 22
37: 
38: 
39: 99,174
40: 24,76
41: 121,59,97
42: 80,58
43: 120
44: 25
45: 125,81,128
46: 34,133
47: 67
48: 52
49: 142,163
50: 213,135,186
51: 95
52: 67,48
53: 140,143
54: 
55: 221
56: 96,117
57: 150,177
58: 42
59: 41,198,77
60: 23,24,76,124
61: 
62: 125,175,85
63: 
64: 26,25
65: 108
66: 
67: 52,133,47
68: 72,20,224,192
69: 
70: 88,244
71: 95
72: 68,191,166,20
73: 122,116
74: 94,22,18
75: 79
76: 124,60,40
77: 178,229,59,198
78: 99,225,121
79: 75
80: 42
81: 128,174,125,45
82: 204,155
83: 179,233,262
84: 
85: 106,175,62
86: 325,295,385
87: 108
88: 70,31,161
89: 32
90: 191,115,247
91: 21,32
92: 169,98,119,122
93: 116,100,17,103
94: 74,35
95: 71,51
96: 56,117,140,253
97: 123,170,41
98: 171,92
99: 78,172,39
100: 18,35,93
101: 146
102: 205,258,341
103: 17,93
104: 206
105: 154,380
106: 85
107: 
108: 87,65
109: 111,163,327
110: 158
111: 109,213
112: 
113: 135,134
114: 
115: 189,218,162,90
116: 93,23,73
117: 96,56,192
118: 138,223,166,304,222
119: 249,251,169,92,194
120: 43
121: 41,225,78
122: 170,73,92
123: 97,194,228
124: 76,60,23
125: 45,62,81
126: 150,203
127: 285,286,200,346
128: 81,45
129: 
130: 294
131: 231,233,261,152,155
132: 241,134
133: 67,34,46
134: 241,132,113
135: 113,211,50
136: 267,272
137: 416,300
138: 118,304,248
139: 167,164,218,302
140: 143,53,96
141: 
142: 49
143: 140,253,53
144: 224,193,251,145
145: 249,251,144,147,148
146: 101,174
147: 196,148,249,145,252,490,195
148: 147,196,246,193,145
149: 344,201
150: 126,172,57
151: 
152: 261,320,176,131,260
153: 177
154: 105
155: 82,230,131,231
156: 
157: 210,188
158: 110
159: 271,389,160
160: 389,159
161: 31,88
162: 217,189,115
163: 109,49,327
164: 327,335,139
165: 217
166: 223,72,118
167: 139,218,302,364,276
168: 227,395,195
169: 92,171,119,251
170: 122,97
171: 98,169
172: 99,150
173: 232,346,372,176
174: 81,146,39
175: 62,85
176: 372,320,180,173,261,152
177: 57,153
178: 255,77,229,285,286
179: 83,436,321
180: 200,261,176
181: 
182: 
183: 
184: 273
185: 
186: 50
187: 212
188: 212,157,296
189: 115,162
190: 331,335
191: 90,247,72
192: 224,117,68
193: 248,144,148,246
194: 252,119,249,123
195: 490,147,196,342,168
196: 147,148,246,195
197: 369,368,281,484
198: 59,255,77
199: 250,312,280,395,254,227
200: 180,127,316,286
201: 315,343,149,313
202: 205,258,342,257
203: 316,286,126
204: 82,317
205: 102,202,490,342
206: 104
207: 
208: 
209: 290,287
210: 157
211: 135
212: 188,187
213: 50,111
214: 
215: 387,510,418
216: 220,361,364,276,223,222
217: 162,165
218: 115,139,167
219: 
220: 216,361,307
221: 21,55
222: 304,307,223,216,118
223: 276,166,216,118,222
224: 144,192,68,20
225: 121,78
226: 257
227: 168,395,199
228: 341,123
229: 178,77
230: 155
231: 131,233,155
232: 259,173,344,400,372
233: 131,231,404,260,83
234: 
235: 
236: 
237: 294
238: 476,353
239: 357
240: 
241: 134,132
242: 
243: 360,477,334,390
244: 70
245: 295
246: 196,148,193,248
247: 276,191,90
248: 193,138,333,246
249: 119,251,145,147,194,252
250: 199,312,371,279
251: 119,249,145,144,169
252: 194,249,147,490
253: 143,96
254: 395,366,280,199
255: 178,198,285
256: 404,260,320,345,465
257: 226,258,202
258: 102,202,257
259: 232,346,344
260: 404,256,152,320,233
261: 152,180,176,131
262: 83
263: 292,351
264: 553
265: 
800: 788
267: 136
268: 
269: 357
270: 389,327,335
271: 385,159,416
272: 136
273: 326,184
274: 297
275: 424,477,365
276: 223,247,167,364,216,361
277: 624,306,450,426,541
278: 308
279: 431,484,250
280: 254,199,312
281: 367,282,430,368,197,338
282: 281,367,310,338
283: 431,284,314,311
284: 283,484,311,373
285: 127,178,255,286
286: 203,316,178,285,127,200
287: 209
288: 464
289: 547,381,551,463,377
290: 209
291: 403,376,396
292: 263
293: 410
294: 130,237
295: 245,325,86
296: 188
297: 274,476
298: 354
299: 
300: 137,331
301: 328,478
302: 390,364,334,139,167
303: 475,533,563
304: 336,307,222,138,118,333
305: 359
306: 277,624,450,483
307: 336,304,222,220
308: 278,336,333,366
309: 426,541,511,425
310: 656,455,367,282
311: 314,283,284,373
312: 250,199,280,369
313: 460,343,201
314: 311,283,343
315: 343,201,371
316: 203,286,200
317: 204,380
318: 466,439,407
319: 465,379,436
320: 372,176,152,345,260,256
321: 179
322: 
323: 
324: 
325: 295,385,86
326: 273
327: 164,109,270,163
328: 301,331,478
329: 422,332,649,479
330: 358,560
331: 190,300,328
332: 329,448,451
333: 366,336,304,248,308
334: 302,390,243
335: 164,270,190
336: 304,307,333,308
337: 419,452,391,423
338: 281,282,484
801: 773,779
340: 423
341: 228,102
342: 195,205,202
343: 315,201,314,313
344: 374,149,259,232,399
345: 405,400,372,320,256
346: 259,173,127
347: 492
348: 466,497
349: 520,544,517,402
350: 
351: 436,263
352: 408
353: 355,238
354: 298,443,560
355: 353,384
356: 442,383
357: 269,239
358: 330,507,414,447
359: 448,305
360: 243,365,390
361: 220,216,390,364,276
362: 569,539,648,567,596
363: 393,394,419,391
364: 302,390,167,276,216,361
365: 360,477,275
366: 333,308,254
367: 281,282,430,310
368: 430,197,281
369: 197,312
370: 461
371: 250,315
372: 320,176,232,173,400,345
373: 284,311,457
374: 344,460,399,432
375: 396,522,463
376: 405,291,379
377: 289,381,463,632
378: 
379: 319,376
380: 105,317
381: 547,289,519,433,377,632
382: 
383: 442,356
384: 355
385: 271,325,86
386: 
387: 215,478
388: 444,588,639
389: 270,160,159
390: 302,364,334,360,243,361
391: 337,393,363
392: 479,450
393: 363,424,391
394: 449,363,426
395: 254,199,168,227
396: 375,291,464
397: 489,488,427,552
398: 460,571
399: 400,374,344,432
400: 399,232,372,405,345
401: 573,459,493
402: 491,349,437,602
403: 291
404: 260,256,233,465
405: 376,345,400
406: 571
407: 467,468,439,318
408: 352,470
409: 
410: 293
411: 
412: 615,639,503
413: 588
414: 358
415: 529
416: 271,137
417: 445,643
418: 422,215,510
419: 337,452,363
420: 446,451,448,424,449
421: 565,501,445,563
422: 418,329,505,649
423: 340,337,452
424: 448,275,420,393
425: 545,309,458
426: 309,394,277,541
427: 575,456,489,397
428: 603,457,459
429: 575,603,457,552
430: 368,545,281,367
431: 279,283,484
432: 571,374,460,399
433: 573,491,547,381
434: 579,634,581,660
435: 
436: 319,179,351
437: 607,402,491,602,521
438: 
439: 468,407,318
440: 
441: 555
442: 356,383
443: 354
444: 471,388
445: 473,417,563,421
446: 420,451,450,449
447: 475,358,507
448: 424,359,332,420,451
449: 394,446,420
450: 392,446,277,306
451: 446,420,332,448
452: 337,419,423,511
453: 564,485,458
454: 535,486,512
455: 545,310,656
456: 656,427,489
457: 603,428,429,373
458: 485,453,425
459: 573,401,603,428
460: 398,313,374,432
461: 515,370
462: 518,517,655,606
463: 522,375,551,289,377
464: 288,396
465: 319,404,256
466: 318,348,499
467: 407
468: 554,439,407
469: 580,578,526
470: 408
471: 444
472: 
473: 475,445
474: 615
475: 473,447,303
476: 238,297
477: 243,365,275
478: 387,301,328
479: 392,329,649
480: 623,487,561,616
481: 601,621,622,591
482: 543,512,598,600,514
483: 596,538,516,624,306
484: 431,279,197,338,284
485: 541,458,624,516,453
486: 454,512
487: 480,619
488: 397,604,628
489: 397,604,598,456,427
490: 195,147,252,205
491: 402,433,437
492: 550,347,527
493: 520,401
494: 608
495: 555
496: 524,635
497: 348,555
498: 582
499: 611,466
500: 
501: 421,620
502: 
503: 641,639,412,594
504: 530
505: 563,533,422
506: 567,619,509,648
507: 358,529,447
508: 593,570
509: 531,506
510: 533,215,418
511: 452,309
512: 543,482,486,454,598
513: 671,737
514: 628,482,600
515: 461,551
516: 596,483,624,485
517: 544,349,462
518: 462,606,659,682
519: 607,381,632,523
520: 544,493,349
521: 602,659,437,607,577
522: 375,463
523: 519,607,525
524: 496
525: 610,607,523
526: 580,469
527: 492,550
528: 
529: 507,415
530: 649,504
531: 509
532: 561,691
533: 510,303,563,505
534: 756,558,691
535: 593,564,454
536: 645,690
537: 562,672
538: 596,483,648
539: 646,362,596
540: 567,619,569,542
541: 485,277,624,309,426
542: 675,540,669,646,569
543: 482,512,600,744
544: 517,520,349
545: 455,425,430
546: 705,629,683,574
547: 289,381,573,433
548: 652,705,729,627
549: 679,681
550: 632,492,527
551: 515,289,463
552: 429,397,603
553: 264
554: 468,580
555: 497,441,495
556: 664
557: 613
558: 534,668
559: 
560: 354,330
561: 532,480,645
562: 537
563: 505,303,445,533,421
564: 453,535
565: 421
566: 595,669,735
567: 619,540,506,569,362
568: 570,744,599
569: 646,362,567,540,542
570: 621,508,568,744
571: 432,398,406
572: 655,574,680
573: 459,401,547,433
574: 655,572,680,683,546
575: 429,427
576: 703
577: 682,709,521,659
578: 686,469
579: 634,434,709,684
580: 469,635,554,526
581: 610,434,605
582: 498
583: 636
584: 638
585: 
586: 
587: 640,716
588: 639,413,388
589: 670,590,671,695
590: 737,614,589
591: 622,735,592,481
592: 597,735,676,591
593: 535,508
594: 667,503,641
595: 669,623,566
596: 538,483,516,362,539
597: 735,592,676
598: 482,512,489,604
599: 744,568,673,701
600: 744,543,482,514
601: 481,646
602: 521,659,402,606,437
603: 457,428,429,552,459
604: 489,488,598,628
605: 581
606: 518,462,602,659
607: 519,437,521,523,525
608: 494,686,637
609: 727,711
610: 525,581
611: 499
612: 666
613: 557
614: 617,670,590
615: 412,474
616: 480
617: 614,668
618: 719,718
619: 567,540,506,487
620: 641,501
621: 481,622,570
622: 591,481,621
623: 480,645,595
624: 277,306,483,516,485,541
625: 653,626
626: 625
627: 548,654
628: 514,488,604
629: 701,683,789,705,546
630: 783,799,766
631: 761,702,654,723
632: 550,381,519,377
633: 685,660
634: 579,434,684,660,685
635: 580,496,663
636: 637,583
637: 608,636
638: 584
639: 588,388,412,503
640: 587,716
641: 503,643,594,620
642: 
643: 641,417
644: 
645: 536,561,623
646: 569,539,542,601
647: 721,651
648: 506,538,362
649: 530,422,329,479
650: 712,770,738
651: 721,647,696
652: 548,729
653: 625
654: 723,631,728,627
655: 574,572,462
656: 310,455,456
657: 729
658: 783,730,700,726
659: 602,521,606,518,682,577
660: 634,434,633,685
661: 782
662: 
663: 635,686
664: 556
665: 
666: 693,612
667: 594
668: 558,617
669: 595,566,675,542
670: 589,756,614
671: 695,513,589,737
672: 676,537,722,674
673: 599,701
674: 676,672
675: 542,669
676: 672,597,592,674
677: 699,747
678: 741,717
679: 549
680: 683,574,572
681: 706,549
682: 709,577,518,659
683: 629,701,680,574,546
684: 579,634
685: 633,634,660
686: 578,663,608
687: 
688: 
689: 
690: 536
691: 534,756,532
692: 
693: 666
694: 736
695: 671,589
696: 742,697,721,651
697: 757,721,696
698: 699,704,789
699: 698,677,747
700: 783,769,658,749
701: 629,683,599,673,789
702: 789,704,743,705,723,631
703: 576,706
704: 698,789,702,743
705: 548,546,629,702,723
706: 681,703
707: 782
708: 710
709: 682,577,579
710: 708,784
711: 727,782,609
712: 755,650
713: 
714: 
715: 754,785,786
716: 587,640
717: 724,739,678
718: 719,618
719: 618,722,718
720: 796
721: 651,647,697,696
722: 719,672
723: 654,702,705,631
724: 717,765
725: 783
726: 730,658
727: 609,711
728: 761,654,793
729: 657,652,548
730: 783,726,658
731: 
732: 
733: 
734: 
735: 597,592,566,591
736: 694
737: 590,671,513
738: 770,650
739: 717
740: 758,776
741: 678,773
742: 696
743: 704,702
744: 600,599,570,568,543
745: 781,792
746: 791,790
747: 765,677,699
748: 
749: 700,769
750: 
751: 
752: 
753: 
754: 715,786
755: 797,712
756: 534,691,670
757: 697
758: 775,740,776
759: 
760: 
761: 631,728
762: 
763: 799,779,780
764: 
765: 747,724
766: 769,799,630
767: 
768: 
769: 766,700,749
770: 738,650
771: 
772: 798
773: 801,741,781
774: 
775: 758
776: 740,758
777: 780
778: 
779: 763,780,801
780: 777,763,779
781: 773,745
782: 707,711,661
783: 630,730,700,725,658
784: 710
785: 715
786: 754,715
787: 
788: 800
789: 702,698,704,629,701
790: 791,746
791: 746,790
792: 745
793: 728
794: 
795: 
796: 720
797: 755
798: 772
799: 763,630,766