0: 
1: 
2: 
3: 
4: 
5: 
6: 
7: 10
8: 38,27
9: 
10: 7,32
11: 27
12: 64,13
13: 12
14: 
15: 
16: 
17: 18
18: 17,94
19: 
20: 68,249
21: 51,36
22: 40
23: 53
24: 35
25: 80
26: 
27: 37,38,8,11
28: 
29: 
30: 136,185
31: 71
32: 10
33: 
34: 112
35: 76,24,103,101
36: 21
37: 27,38
38: 8,37,27
39: 125,124,62,128
40: 22,42
41: 98,116,93,76
42: 40
43: 61,63
44: 58
45: 99,57
46: 67
47: 
48: 66,161
49: 244,191,167,72
50: 134,113
51: 89,21,221
52: 89
53: 23
54: 133,112
55: 143,79
56: 138,79,140,68
57: 203,99,45
58: 44
59: 97,122,225,228,78
60: 174
61: 43
62: 150,146,124,39,125
63: 43
64: 12
65: 211
66: 48,161
67: 69,46
68: 20,72,56,138,96,249
69: 67,186
70: 165,95
71: 161,31
72: 68,167,49,191,138
73: 75,79
74: 120
75: 73,171,253
76: 35,93,41
77: 225,101,150,121
78: 225,59,121,146
79: 56,55,73
80: 100,25
81: 175,128
82: 
83: 290,287
84: 
85: 175,105
86: 271,270,273
87: 185
88: 
89: 51,52,221
90: 142,244,139
91: 
92: 170,117,171,253,96,192
93: 116,76,41
94: 18
95: 140,70
96: 253,68,192,249,92
97: 122,59,98,117,225
98: 116,41,97
99: 123,102,125,45,57
100: 80
101: 103,35,77,150
102: 123,99
103: 174,101,35
104: 181
105: 85
106: 
107: 130,182
108: 
109: 213,241,164
110: 111
111: 110,134
112: 34,54
113: 50
114: 
115: 335,142,139,302
116: 98,93,41
117: 170,92,97,122
118: 166,224,248
119: 229,228
120: 74
121: 150,146,77,225,78
122: 97,59,117,228
123: 99,102
124: 174,150,62,39
125: 39,62,99,175
126: 177
127: 285,172,200
128: 39,81
129: 
130: 107
131: 235,152,233
132: 134,241,272
133: 54
134: 132,111,50
135: 141,162
136: 30
137: 160,218
138: 56,167,140,68,72
139: 247,302,90,115,244
140: 95,167,56,138
141: 135,186
142: 115,217,90,163
143: 55
144: 195,193,169
145: 169,194,198
146: 150,121,62,78
147: 252,251,194,198,257,205
148: 304,166,248,222
149: 202,316
150: 121,146,62,77,101,124
151: 
152: 131,260,233
153: 154
154: 153
155: 180,207,317,233,294
156: 
157: 
158: 240
159: 270,273
160: 137
161: 71,48,66
162: 135
163: 189,142
164: 327,241,109,213
165: 70
166: 118,361,148,248
167: 140,49,138,72
168: 341,226,279,199
169: 145,192,170,144
170: 117,92,192,169
171: 75,253,92
172: 178,127
173: 230,200,345,176
174: 103,124,60
175: 85,81,125
176: 261,173,345,259
177: 126,230,261
178: 229,255,205,172
179: 436,320,235,290,379
180: 155,207,231,294
181: 104,236
182: 107
183: 
184: 274
185: 87,30
186: 141,69
187: 212,245
188: 212
189: 163
190: 216,331,218,389
191: 49,244,247,72
192: 249,96,170,92,169
193: 224,195,144
194: 228,198,145,147
195: 196,144,193
196: 195,254
197: 340,250,283,199
198: 194,145,147,251
199: 283,250,197,168,279
200: 203,230,127,173
201: 345,258,346
202: 255,257,149,286
203: 230,57,200
204: 294
205: 255,257,147,178
206: 262
207: 180,155
208: 379,351,407
209: 322
210: 
211: 65
212: 188,187
213: 109,164,327
214: 
215: 274,389,328,243
216: 190,331
217: 142
218: 327,137,190
219: 366,336,304,222,246
220: 361,276,477,302,364
221: 89,51
222: 395,246,148,304,219,248
223: 364,304
224: 193,248,118
225: 77,97,59,121,78
226: 168,341,279,342
227: 490,343,342
228: 194,122,59,119
229: 178,119
230: 203,200,173,177,261
231: 180
232: 344,346
233: 155,131,152
234: 
235: 131,260,179,290
236: 181,380,237
237: 236,380
238: 384
239: 357
240: 158
241: 132,272,109,164
242: 
243: 389,215,328,331,301,360,326
244: 49,191,90,139
245: 325,187
246: 395,222,219,366,280
247: 139,191
248: 224,118,166,148,395,222
249: 192,68,20,96
250: 254,197,199
251: 252,147,198
252: 147,251,341,257
253: 96,75,171,92
254: 250,280,196
255: 257,205,202,178,286
256: 291,405,372
257: 255,205,202,252,147,341
258: 316,346,285,201
259: 372,345,176
260: 235,152,320
261: 176,317,230,177
262: 206
263: 352
264: 351,438
265: 410
800: 
267: 296,295
268: 269
269: 268
270: 159,86,273
271: 86
272: 132,241
273: 86,386,270,159
274: 215,184
275: 424,336
276: 477,335,302,220
277: 392,363,393,541
278: 308,366,307,337
279: 168,226,199,342
280: 254,246,340
281: 337,425,309,338,423
282: 310,312,284
283: 199,431,197,371
284: 282,311,314
285: 286,127,258
286: 285,255,202,316
287: 379,83,290
288: 465,436,435,292
289: 347,524,377,527
290: 83,235,179,379,287
291: 256,400,405,404
292: 436,288
293: 
294: 204,180,155
295: 267
296: 267
297: 384,442
298: 354
299: 
300: 301,418,448,332,326
301: 300,328,243,326
302: 139,335,115,276,220,361
303: 387
304: 148,223,219,222
305: 332,451,326,390
306: 422,419,446,448
307: 365,391,366,336,278
308: 278,337,340,423
309: 511,425,281,338
310: 282,430,369,312
311: 461,314,284,571
312: 370,369,310,282
313: 460,490
314: 311,284,460,571
315: 316,346,343
316: 258,346,315,149,286
317: 261,155
318: 466
319: 376,492,404,400,465
320: 179,260
321: 378
322: 209
323: 
324: 
325: 245
326: 332,305,243,301,300,360
327: 164,218,213
328: 215,243,301
329: 418,507,422
330: 444,387,473
331: 190,216,389,243,334
332: 451,305,326,300,448
333: 420,449
334: 477,331,360
335: 115,276,302
336: 219,366,275,307
337: 425,281,365,308,278
338: 423,281,309
801: 776,796,745
340: 197,308,280,423
341: 168,226,252,257
342: 226,279,227
343: 490,227,315
344: 232,405,432,403,400
345: 201,173,176,259
346: 258,316,315,201,232
347: 289,524,409
348: 582,584,499
349: 437,551,525
350: 
351: 208,438,264
352: 263
353: 385,358,386,416
354: 356,355,298
355: 354
356: 354,413
357: 239
358: 385,353,476,416
359: 478,418
360: 243,334,326
361: 220,302,166
362: 483,541,624
363: 449,277,393
364: 477,220,223
365: 391,307,426,337,425
366: 219,336,307,246,278
367: 423,371
368: 485,511,458
369: 484,312,310
370: 371,312,431,373
371: 370,367,283,431
372: 259,256
373: 431,370,490
374: 403
375: 522,406,463
376: 319,492,432,515,400,522
377: 381,289,527
378: 321
379: 287,208,179,290
380: 236,237
381: 377,433,525
382: 
383: 500
384: 297,238
385: 358,353,476
386: 353,273
387: 444,330,303,416
388: 417,412
389: 215,190,331,243
390: 420,424,451,305
391: 365,307,424
392: 277,446,479,483
393: 452,363,449,277
394: 453,452,516
395: 222,246,248
396: 432,403,515,399
397: 512,455,482,489
398: 571,401,399
399: 515,398,396
400: 291,405,344,319,376,404
401: 547,493,398
402: 437,551,519,518
403: 396,432,374,344
404: 319,291,400,465
405: 344,256,291,400
406: 515,463,522,375
407: 208
408: 470
409: 438,468,347,524,496
410: 265
411: 
412: 417,388,557
413: 356
414: 560,501,417,447,445
415: 447
416: 358,353,476,387
417: 388,412,414,560
418: 329,448,359,300
419: 306,446,451
420: 333,424,390,451
421: 533,473,478,507
422: 306,329,448
423: 367,338,308,281,340
424: 420,390,275,391
425: 337,281,365,426,309
426: 365,452,425
427: 575,545,430,603
428: 429,459,457,575,461
429: 459,428,575,603,517
430: 310,545,458,427,575
431: 283,371,370,373
432: 396,403,344,515,376
433: 381,463,525
434: 709,686,550
435: 288,438
436: 179,288,292
437: 349,402,659
438: 409,468,351,435,264
439: 470
440: 
441: 
442: 297
443: 
444: 330,387,529
445: 620,414,501,533
446: 306,419,392
447: 415,414,560,533
448: 418,300,332,306,422
449: 363,333,393
450: 540,509,649,506,505,564
451: 332,305,419,420,390
452: 393,426,394,511
453: 394,541,624,516
454: 545,458,489
455: 485,516,512,397
456: 603,598,656
457: 575,461,428
458: 454,545,368,484,430
459: 429,428,493,461,488
460: 313,314
461: 311,457,459,428,493,571
462: 518,491,602,574,577
463: 406,375,433
464: 492
465: 288,319,404
466: 318,467
467: 466
468: 409,438,496
469: 523,554,496,580
470: 408,439
471: 529
472: 
473: 421,330,478
474: 588,639
475: 533,530,563
476: 529,385,358,416
477: 276,334,220,364
478: 359,421,473,507
479: 510,540,392
480: 532,531
481: 675,593,542,653,621
482: 656,489,397
483: 362,509,392
484: 369,458
485: 455,516,368,511
486: 600,508,543
487: 669,566,595
488: 517,552,459,573
489: 482,397,454
490: 227,343,373,313
491: 518,462,520,574
492: 319,376,522,464
493: 459,461,571,401
494: 635,526,608
495: 
496: 524,469,409,468
497: 553
498: 688
499: 348,555
500: 383
501: 414,503,445,620
502: 
503: 501,531
504: 594,567,532
505: 506,530,565,510,450,540
506: 530,505,563,594,450,564
507: 478,421,329
508: 600,512,486
509: 450,540,649,483,648
510: 479,565,505,540
511: 309,452,485,368
512: 397,455,508
513: 695,690,618,562
514: 629,680,599
515: 406,399,396,432,376,522
516: 485,455,453,394
517: 552,488,603,429
518: 491,462,402,577
519: 573,402
520: 521,491
521: 520,604,574
522: 375,515,406,376,492
523: 527,469,635,580
524: 347,289,527,409,496
525: 581,349,381,433
526: 584,608,494,578
527: 523,377,289,524
528: 
529: 476,471,444
530: 506,505,563,475,565
531: 532,480,503,620
532: 531,480,504
533: 421,447,475,445
534: 641,643
535: 539,542
536: 562,592,675,695
537: 691,619,735
538: 624
539: 542,535,621,646
540: 450,509,505,510,479
541: 453,277,362
542: 539,535,623,593,481,621
543: 673,600,486,570
544: 628,598
545: 454,458,430,427
546: 723,655
547: 401,573,551
548: 657,727,576
549: 602,652,679
550: 610,659,434
551: 349,402,547
552: 517,488
553: 497
554: 469,580
555: 499
556: 611
557: 613,412
558: 
559: 667,756
560: 414,417,447
561: 567,619,669
562: 536,675,513,696,695,647
563: 506,530,475
564: 595,506,594,567,450,649
565: 530,505,510
566: 487,735,592
567: 504,594,561,595,564,669
568: 569,596
569: 596,568
570: 543,673,626
571: 398,311,461,314,493
572: 628,656,598
573: 519,488,547
574: 602,652,521,491,462
575: 427,457,430,429,428
576: 727,706,631,548
577: 659,518,462,579
578: 580,526,584
579: 606,602,577
580: 578,523,469,635,554
581: 525,607,635,632
582: 348
583: 708
584: 526,578,348
585: 
586: 
587: 
588: 474,612
589: 641,617
590: 642,691
591: 718
592: 536,566,735,593
593: 623,592,481,542
594: 504,567,506,564
595: 564,567,669,487
596: 569,648,568
597: 699,625,676
598: 456,603,572,544
599: 514,629
600: 508,543,486
601: 622,626,646
602: 652,549,574,462,579
603: 456,598,427,429,517
604: 627,521
605: 632,610,636,608
606: 579,682
607: 581
608: 526,605,494
609: 661,684,710
610: 550,686,605,632
611: 556
612: 588
613: 557
614: 756,668,670
615: 667
616: 643,667
617: 691,619,589
618: 645,755,513
619: 691,617,537,561
620: 445,501,531
621: 653,481,539,542,646
622: 601,625,676,701
623: 593,542
624: 538,362,453
625: 597,676,622,678,721
626: 673,646,601,570
627: 604,655
628: 572,544,680
629: 680,514,599
630: 700,707,726,782
631: 706,793,576
632: 605,581,610
633: 685,660,634
634: 684,660,729,633
635: 581,523,494,580
636: 686,605
637: 
638: 
639: 474,666
640: 
641: 534,589
642: 756,590
643: 616,534
644: 
645: 690,618,718
646: 673,626,539,621,601
647: 722,562,675,696,653
648: 596,509,649
649: 450,509,564,648
650: 697,674
651: 699,789,698
652: 602,549,574
653: 621,675,481,722,647
654: 683,702,744
655: 627,723,546,679
656: 482,456,572
657: 705,679,706,548
658: 769
659: 577,437,550
660: 634,729,709,633
661: 609,710
662: 
663: 
664: 
665: 
666: 639
667: 615,559,616
668: 614,670,716
669: 487,567,561,595
670: 716,668,614
671: 737,715,755,692
672: 755,797,719
673: 543,626,646,570
674: 650,739
675: 562,536,481,653,647
676: 597,625,722,622
677: 789,702
678: 721,625,701,744
679: 705,657,655,549
680: 629,514,628
681: 743,704,728,747
682: 606,729
683: 702,654,743
684: 634,729,727,609
685: 633
686: 434,709,610,636
687: 
688: 498
689: 
690: 645,513,695
691: 617,619,537,590
692: 774,797,671,737
693: 
694: 716
695: 513,690,562,536
696: 562,647
697: 650,757,739
698: 789,651,724
699: 597,651,739,721
700: 793,725,630,763,707
701: 744,622,678
702: 683,654,677,704
703: 731
704: 681,743,702,730
705: 657,679,723,728,747,706
706: 631,747,705,657,576
707: 700,630,726
708: 583
709: 434,686,660
710: 661,609
711: 750
712: 736,715
713: 
714: 
715: 671,737,712
716: 670,668,694
717: 786
718: 591,645
719: 672,738
720: 739,757,742
721: 678,699,625,789
722: 647,653,676
723: 546,655,743,728,705
724: 760,742,698,765
725: 763,700
726: 782,630,707,784
727: 576,548,684
728: 681,743,747,723,705
729: 684,660,634,682
730: 762,704
731: 703
732: 
733: 
734: 
735: 537,566,592
736: 712
737: 671,715,770,692
738: 757,775,719
739: 720,674,697,699
740: 798
741: 745,781
742: 720,724
743: 681,704,728,683,723
744: 701,678,654
745: 777,741,776,801
746: 790,779
747: 681,728,705,706
748: 
749: 766,799
750: 711
751: 767
752: 
753: 
754: 
755: 618,671,672
756: 642,614,559
757: 738,697,720
758: 776,777
759: 796,772
760: 761,724
761: 760
762: 765,730,780
763: 725,700
764: 
765: 762,724
766: 783,749
767: 751
768: 
769: 658
770: 737,774
771: 785
772: 759
773: 
774: 692,770,775
775: 738,774
776: 758,777,745,801
777: 745,758,776
778: 790,799
779: 780,746
780: 762,779
781: 741
782: 726,630
783: 766
784: 726
785: 771
786: 717
787: 
788: 
789: 698,651,677,721
790: 746,778
791: 792
792: 791
793: 700,631
794: 795
795: 794
796: 759,801
797: 692,672
798: 740
799: 778,749