0: 
1: 
2: 
3: 
4: 
5: 112
6: 48,34,133
7: 
8: 36
9: 
10: 
11: 
12: 
13: 
14: 43,80
15: 
16: 
17: 73
18: 143,103
19: 
20: 138,191,166
21: 
22: 
23: 225,93,121
24: 100,42
25: 
26: 44
27: 
28: 
29: 
30: 183
31: 
32: 
33: 
34: 133,6
35: 
36: 8
37: 
38: 
39: 124,150
40: 74
41: 122,97,194,59
42: 24
43: 14
44: 26
45: 62
46: 47,67
47: 46,67
48: 6,133,66
49: 217,163,142,162
50: 132,270,113
51: 53
52: 71
53: 51
54: 114
55: 140,91
56: 191,167,90,72
57: 62,126
58: 
59: 123,41,97,77
60: 93,100
61: 
62: 57,45
63: 
64: 
65: 185,158
66: 48
67: 46,47
68: 138,72,253,192
69: 
70: 244,161
71: 52
72: 68,56,191
73: 116,92,17,98
74: 40
75: 140,79,171
76: 77,121,150
77: 76,121,59,146
78: 99,123,146
79: 98,75
80: 14
81: 
82: 105,207,231
83: 287,290,208
84: 
85: 175
86: 241,325,111
87: 108
88: 162,244,161
89: 
90: 167,56
91: 95,55
92: 73,98,117,170
93: 60,23
94: 103
95: 91
96: 140
97: 41,122,225,59
98: 79,73,92
99: 78,172,178,125
100: 24,60
101: 
102: 229,257,255
103: 18,94
104: 378,322
105: 207,82
106: 
107: 
108: 87
109: 160,327,389,164
110: 
111: 270,86,134
112: 5
113: 186,213,50
114: 54
115: 276,189,218
116: 73
117: 170,169,224,92
118: 148,304,248
119: 169,249
120: 
121: 77,76,225,23
122: 41,97,170,169
123: 59,146,229,78
124: 150,39,128
125: 126,99
126: 125,57
127: 200,316,259,173
128: 174,124
129: 
130: 181
131: 317,180,231,294
132: 272,50
133: 34,48,6
134: 270,111
135: 
136: 210
137: 159,271
138: 68,20
139: 334,335,164
140: 55,75,96
141: 142,186,213
142: 141,162,49
143: 221,18
144: 249,251,145
145: 144,252,147
146: 123,77,150,78
147: 252,205,145,195
148: 118,193,248
149: 201,346,341,315,258
150: 124,39,76,146
151: 236
152: 262,317,345,176,320,260
153: 175
154: 
155: 207,261,231,180
156: 236
157: 188
158: 185,65
159: 137,271,416
160: 327,389,109
161: 88,70
162: 244,88,142,163,49
163: 217,49,162,244,165
164: 190,109,335,139,334
165: 163
166: 223,247,20
167: 191,247,90,276,56
168: 395
169: 117,170,122,119
170: 117,169,92,122
171: 253,224,75
172: 178,285,99,230
173: 259,405,127,200,372,176
174: 128
175: 85,153
176: 372,345,200,173,152
177: 204
178: 255,172,285,229,99
179: 262,320
180: 317,131,155,231
181: 130
182: 
183: 30
184: 358,215,273,274
185: 65,158
186: 113,213,141
187: 267,245
188: 157,210,267,296
189: 115
190: 164,389
191: 167,247,56,72,20
192: 251,193,68,253,224
193: 251,192,148
194: 198,41
195: 196,147
196: 246,248,195
197: 312,369,199,340
198: 194,252,228
199: 280,254,340,250,197,369
200: 127,173,176
201: 344,346,149,315,313
202: 343,490,342,226
203: 285,286,230
204: 177,380
205: 252,147,228
206: 
207: 155,105,82
208: 83,351
209: 233
210: 188,136
211: 
212: 
213: 186,113,141
214: 268,269
215: 184,387
216: 223,361
217: 163,49
218: 335,115
219: 307,220,364,336,278,333
220: 364,361,219,336
221: 143
222: 366,336,304
223: 166,216,361
224: 253,171,192,117
225: 23,97,121
226: 431,202,343,315,342
227: 250,395,490,371
228: 257,198,205
229: 102,123,255,178
230: 172,203
231: 155,82,131,180,294
232: 313,344,403,374
233: 209,262,317
234: 265
235: 
236: 151,156
237: 
238: 
239: 295,296
240: 
241: 86,325
242: 
243: 301,334,477,360,305
244: 162,88,70,163
245: 386,357,295,187
246: 196,248,366,254,308
247: 191,167,276,166
248: 246,196,366,148,118
249: 144,251,119
250: 227,199,254,395,369
251: 192,193,249,144
252: 205,147,145,198
253: 224,171,68,192
254: 199,308,246,395,250
255: 178,285,229,102
256: 291
257: 341,228,102
258: 286,316,346,149
259: 173,405,344,346,127
260: 320,345,152,465
261: 155
262: 317,152,320,233,179
263: 352,351,468,292
264: 
265: 234
800: 
267: 296,188,187
268: 214
269: 214
270: 111,134,50
271: 159,137
272: 132
273: 385,274,416,184
274: 476,273,184
275: 365,307,390,424,419
276: 115,167,247
277: 483,392,394,541
278: 333,337,365,219
279: 312,369,371
280: 199,308,337,423
281: 484,338,511,312
282: 310,575,429,457
283: 373,284,370
284: 310,283,461,370
285: 255,172,178,286,203
286: 258,316,285,203
287: 83
288: 435,347,409
289: 492
290: 83
291: 372,345,405,256
292: 407,468,352,263
293: 
294: 231,131
295: 239,296,245,357
296: 267,188,295,239
297: 353,357
298: 529
299: 385
300: 326,359
301: 243,305
302: 334,390,360,364,361
303: 507,475,510
304: 222,118
305: 448,424,243,301,332,477
306: 479,446,451,449
307: 365,275,219,390,364
308: 280,254,366,333,246
309: 425,426,391,393,368,452
310: 282,284,484,338
311: 398,373,370,314
312: 197,279,369,338,281
313: 232,315,344,201
314: 460,399,373,398,311
315: 342,226,201,149,313
316: 286,258,346,127
317: 262,152,131,180,233
318: 499
319: 376
320: 260,262,152,179
321: 378
322: 104
323: 495
324: 383
325: 386,241,86
326: 300,387
327: 160,109
328: 416,331
329: 422,510,418,505,450
330: 415,447,358
331: 389,328
332: 418,359,422,305,448,446
333: 278,219,336,308
334: 302,139,164,243,360
335: 164,218,139
336: 222,220,219,333
337: 278,423,280
338: 484,281,312,310
801: 792,746
340: 423,199,197
341: 257,149
342: 315,202,226
343: 490,371,202,431,226
344: 201,346,313,232,259
345: 372,291,176,152,260
346: 344,201,149,258,316,259
347: 464,288
348: 441
349: 433,437,519
350: 
351: 352,263,435,208
352: 263,351,292
353: 297
354: 384
355: 
356: 443
357: 245,295,297
358: 184,387,330
359: 332,418,300,478
360: 390,477,243,302,334
361: 220,364,216,302,223
362: 540,564,596
363: 449,393,394,392
364: 220,361,302,390,307,219
365: 307,275,419,278
366: 222,246,248,308
367: 489,430,484,575
368: 423,309,452
369: 312,197,279,199,250
370: 461,284,373,283,311
371: 343,490,227,279
372: 345,291,176,173,405
373: 283,370,460,314,311
374: 403,232,432
375: 515,406,396
376: 522,396,400,319
377: 463,381
378: 321,104
379: 435,436
380: 204
381: 632,433,377
382: 
383: 324,500
384: 354
385: 273,299
386: 245,325
387: 358,215,507,326
388: 414,444,639
389: 331,160,109,190
390: 477,360,302,364,307,275
391: 420,393,309
392: 483,277,479,363,394
393: 363,449,420,391,309
394: 363,392,277,425
395: 168,254,227,250
396: 376,522,400,406,375
397: 603,628,489,456,427
398: 311,571,314
399: 314
400: 376,396,403,432,406
401: 428,547,493
402: 521,602,520,519
403: 374,232,432,400
404: 436,465
405: 259,173,372,291
406: 432,375,396,400
407: 468,292,438,467
408: 470
409: 438,288,468
410: 
411: 
412: 588
413: 639,557,588
414: 388,417
415: 330,507,447
416: 273,159,328
417: 414,473
418: 332,359,329,478,422
419: 420,448,424,451,365,275
420: 391,419,451,449,393
421: 475,565
422: 329,332,418,446
423: 337,280,340,368
424: 305,448,477,275,419
425: 426,309,394,485
426: 425,309,485,452,458
427: 575,429,489,603,397
428: 401,547
429: 575,427,282,603,457
430: 545,367
431: 226,343
432: 406,403,374,400
433: 349,437,381,632
434: 686,494,634,663
435: 379,288,351
436: 404,379
437: 349,433,659,632
438: 409,407,468
439: 467
440: 
441: 348
442: 
443: 356
444: 388,560
445: 563,531
446: 306,332,422,448,451
447: 415,330
448: 305,424,451,332,446,419
449: 363,393,451,306,420
450: 649,329,505
451: 448,306,446,420,419,449
452: 426,309,368,458
453: 454,512
454: 455,486,453,512
455: 454,486,545,656
456: 656,598,486,397
457: 282,429,461
458: 426,485,452
459: 603,552
460: 314,373
461: 370,284,457
462: 652
463: 377
464: 347,522
465: 404,260
466: 
467: 407,439
468: 407,292,438,409,263
469: 578,608,605
470: 408
471: 560
472: 
473: 417
474: 
475: 421,507,303
476: 274,529
477: 390,360,243,305,424
478: 510,418,359
479: 306,649,392
480: 690,532
481: 542,593
482: 543,486,508,598
483: 392,277,649,648
484: 338,281,367,310
485: 541,516,425,426,458
486: 455,454,512,456,598,482
487: 567,669,531,619,504,509
488: 552,517,493,491
489: 367,656,575,427,397
490: 343,371,227,202
491: 488,493
492: 524,289
493: 547,401,488,491
494: 434,634,581,663
495: 323,555
496: 527
497: 553
498: 
499: 318,526,611,636
500: 383
501: 503,594,620
502: 
503: 501,594,643
504: 509,563,531,487
505: 533,329,510,450
506: 530,509,540
507: 415,387,303,475
508: 568,543,482
509: 504,487,506
510: 329,478,303,505,533
511: 281
512: 568,453,454,486
513: 755,718,671,618
514: 543,572,680
515: 375,571
516: 541,485,624,545
517: 552,488,544,520
518: 602,679
519: 521,402,349
520: 544,574,517,402
521: 402,602,519
522: 376,396,464
523: 525,527,635,550
524: 492
525: 523,632,581,550
526: 499,636
527: 523,496,635
528: 
529: 476,298
530: 506,648
531: 620,563,445,504,487
532: 616,480,561
533: 505,565,510
534: 594
535: 646,568,570
536: 645,672,591
537: 695,561,691
538: 624
539: 596,646
540: 595,362,569,506,564
541: 516,485,624,277
542: 481,569
543: 482,514,508,598,599
544: 520,628,604,517
545: 430,516,455
546: 627,654
547: 551,493,401,428,573
548: 655,627
549: 706,709,679,657
550: 635,525,523,581,605
551: 547,571,573
552: 517,488,603,628,459
553: 497
554: 580
555: 495
556: 582
557: 413,613
558: 559,756,666
559: 756,558,666
560: 471,444
561: 691,532,616,537
562: 674,591,672,618
563: 565,445,531,504
564: 596,540,362,569
565: 563,421,533
566: 675,735,653
567: 487,669,595
568: 508,512,535
569: 595,540,564,542
570: 600,601,535,621
571: 398,551,515
572: 604,514,680
573: 547,551
574: 520,606
575: 427,429,367,489,282
576: 707,726,703
577: 657,682,659
578: 635,605,580,469
579: 684,709
580: 554,635,578
581: 610,525,550,663,605,494
582: 556,584
583: 633
584: 582,688
585: 
586: 
587: 
588: 412,413,639
589: 756,641,616
590: 670,718
591: 562,536,672
592: 597,653,622
593: 621,481,646
594: 503,501,620,534
595: 540,569,567
596: 564,539,362
597: 592,653,622,651
598: 456,486,543,482
599: 543
600: 570,601,673
601: 600,570,673,622
602: 521,402,518,606
603: 397,628,427,429,459,552
604: 572,628,544
605: 608,663,581,550,578,469
606: 574,652,602
607: 610,659,632
608: 663,605,686,469
609: 703,706,748
610: 607,581
611: 636,499
612: 
613: 557
614: 734
615: 667,643
616: 589,532,561
617: 
618: 671,672,513,562
619: 487,669
620: 501,594,531
621: 593,570
622: 626,592,597,601,625,651
623: 690,735
624: 541,516,538
625: 651,626,622,699
626: 673,622,625,744
627: 655,546,548,728
628: 603,397,604,552,544
629: 683,701,723,654
630: 766,763,799
631: 681,728
632: 525,381,433,437,607
633: 660,583
634: 434,494,660
635: 550,578,527,523,580
636: 611,499,526
637: 
638: 688
639: 413,588,388
640: 668
641: 589
642: 
643: 615,503
644: 771
645: 536,691
646: 535,539,593
647: 719,674,722,650
648: 649,530,483
649: 450,648,479,483
650: 696,647,722
651: 625,597,622
652: 462,606
653: 592,597,566,675,676
654: 702,629,546
655: 627,548
656: 456,455,489
657: 577,682,549,709
658: 700,783,766,769
659: 437,577,607
660: 685,634,633
661: 708,710
662: 
663: 608,605,581,686,434,494
664: 
665: 
666: 559,558
667: 615
668: 640
669: 567,487,619
670: 590,718
671: 672,618,695,718,513
672: 671,618,695,536,562,591
673: 626,600,601,744
674: 562,676,647,722
675: 566,676,653
676: 674,675,653,722
677: 744,701,698,723
678: 724,739,776,777
679: 518,549
680: 514,572
681: 631,728,729
682: 577,657,709
683: 629,701
684: 579,685
685: 660,684
686: 434,608,663
687: 
688: 638,584
689: 
690: 480,691,623
691: 561,690,537,645
692: 712
693: 
694: 737,736
695: 537,671,672
696: 650,721
697: 742,738
698: 699,765,723,677
699: 698,765,625
700: 658,782,726
701: 744,677,723,683,629
702: 789,654,747,704,705
703: 609,576,707
704: 747,761,702,789
705: 702,743,728
706: 549,709,729,609
707: 576,703,748
708: 661,711
709: 706,549,657,682,579
710: 661,784,711
711: 784,710,708
712: 692,717
713: 
714: 
715: 
716: 
717: 770,712
718: 670,590,671,513
719: 647,755,757
720: 760,773
721: 724,739,696
722: 674,676,647,650
723: 698,677,701,629,789
724: 678,721,765,777
725: 730,762,780,779
726: 576,700
727: 748
728: 681,631,627,705
729: 681,706
730: 725,793
731: 
732: 768
733: 736
734: 614
735: 623,566
736: 733,694
737: 694
738: 757,697
739: 678,721
740: 
741: 781
742: 697,775
743: 793,747,705
744: 677,701,673,626
745: 796
746: 781,801
747: 704,761,762,702,743
748: 727,609,707
749: 767
750: 
751: 
752: 
753: 
754: 785
755: 513,719
756: 559,558,589
757: 738,719
758: 775,760
759: 
760: 720,758
761: 747,704
762: 747,780,725
763: 799,630
764: 794
765: 698,699,724
766: 630,783,658,769
767: 749
768: 732
769: 766,658
770: 717
771: 644
772: 
773: 720
774: 
775: 758,742
776: 678
777: 678,724
778: 
779: 780,781,725
780: 779,762,725
781: 746,741,779
782: 700
783: 766,658
784: 711,710
785: 754
786: 
787: 
788: 
789: 702,723,704
790: 
791: 795
792: 801
793: 743,730
794: 764
795: 791
796: 745
797: 
798: 
799: 763,630