0: 
1: 
2: 
3: 
4: 
5: 
6: 
7: 
8: 
9: 11
10: 
11: 9
12: 
13: 
14: 63,58,44,64
15: 69
16: 
17: 98,55,116
18: 94,103
19: 
20: 247,166,138,193
21: 221
22: 
23: 60,93
24: 100,40
25: 44
26: 
27: 74
28: 
29: 
30: 183
31: 141,162
32: 37
33: 
34: 
35: 100,40
36: 
37: 32
38: 
39: 125,150
40: 35,24
41: 122,97,123
42: 
43: 
44: 64,25,14
45: 175,81,62
46: 67
47: 
48: 71,133
49: 142,162,213,163
50: 135,186
51: 66,89,53,91
52: 67
53: 91,51
54: 
55: 143,17,103
56: 96,72,68
57: 62,125
58: 14,64
59: 77,146,121
60: 23,100,101
61: 
62: 45,57
63: 14,80
64: 44,58,14
65: 158
66: 51,71
67: 46,52
68: 72,56,253,224
69: 15,141
70: 95
71: 48,66
72: 247,68,191,56
73: 170,122,97
74: 27
75: 79,140,171,92
76: 121,225
77: 146,59,229,78,178
78: 77,146,178,99
79: 75,140
80: 63
81: 128,45
82: 131,207,261,155
83: 321,179,287,290
84: 
85: 106,175,153
86: 325,386
87: 
88: 161
89: 51
90: 191,217,165
91: 53,51
92: 75,98,171,117
93: 94,23
94: 18,103,93
95: 70
96: 56,253,140
97: 41,122,73,170,225
98: 17,92
99: 78,172,286
100: 35,60,24
101: 174,60
102: 198,229,228,257,255
103: 116,55,18,94
104: 
105: 177
106: 85
107: 
108: 
109: 389,190,335
110: 240
111: 134,241,270
112: 
113: 135,132
114: 
115: 139,335,164,276
116: 103,17
117: 171,192,92,169
118: 366,304
119: 194,123,249,169
120: 
121: 76,225,146,59
122: 41,97,73
123: 194,119,41,198
124: 150
125: 39,57
126: 
127: 259,173,346
128: 81
129: 
130: 181,151
131: 82,231,155
132: 134,113
133: 48
134: 111,132
135: 113,186,141,50
136: 212
137: 159,416,331
138: 192,144,20,193
139: 115,364,361
140: 96,75,79
141: 186,135,31,69
142: 49,162,186,213
143: 55
144: 192,138,148,251
145: 196,249,252,147
146: 77,59,121,78
147: 252,205,145,195,202,168
148: 144,248,196
149: 342,226,201,315
150: 124,39
151: 130
152: 155,233,180,176,320,262
153: 175,85
154: 
155: 152,233,261,180,131,82
156: 
157: 188
158: 65
159: 137,160,331
160: 159,270,389,331
161: 88
162: 142,49,31
163: 189,49,217
164: 335,115
165: 244,217,90
166: 304,223,20,247
167: 216
168: 202,395,195,147,227
169: 117,119
170: 225,73,97
171: 224,117,253,75,92
172: 99
173: 259,232,127,200,372
174: 101
175: 153,45,85
176: 372,345,180,200,152
177: 204,105
178: 255,77,229,78
179: 287,83
180: 230,261,176,152,155
181: 130
182: 
183: 30
184: 
185: 
186: 141,135,50,142
187: 325,295
188: 157,210
189: 276,163
190: 389,331,300,109
191: 90,72,247
192: 138,144,224,117,251
193: 20,304,138
194: 119,123,249,252,198,228
195: 246,196,147,168
196: 145,148,248,246,195
197: 312
198: 229,102,228,194,123
199: 280,308,340,369,254
200: 173,372,176
201: 344,346,149,315
202: 490,168,147,342
203: 316,230
204: 177,231
205: 252,147,228,341
206: 
207: 261,82
208: 351,321
209: 294,380
210: 188
211: 
212: 267,136
213: 327,142,49
214: 268
215: 478,387
216: 223,222,167,361
217: 163,165,90
218: 327,335,276
219: 366,336,278,333
220: 336,361,364,390,307
221: 21
222: 223,216,336,361
223: 216,222,247,166
224: 171,253,68,192
225: 170,97,121,76
226: 149,342,431,315
227: 371,395,490,168
228: 198,102,194,205
229: 198,102,77,178,255
230: 180,203,261
231: 131,204
232: 259,173,344,400,405
233: 152,155,262,317
234: 411,265
235: 321
236: 
237: 378
238: 476,297
239: 296
240: 110
241: 111
242: 
243: 301,334,359,477,360,275
244: 165
245: 295
246: 395,195,248,308,196,254
247: 72,20,191,223,166
248: 304,148,196,246
249: 251,145,194,119,252
250: 369,254,395
251: 249,192,144
252: 205,147,249,145,194
253: 96,68,171,224
254: 250,199,308,395,246
255: 178,229,102,257,285
256: 405,400,260
257: 102,255,258,285
258: 285,257,346
259: 173,232,127,344
260: 465,345,256,404
261: 207,180,230,82,155
262: 320,152,233
263: 409
264: 470,553
265: 234,411
800: 745,796
267: 212
268: 214
269: 
270: 111,160
271: 385,416
272: 
273: 387
274: 385
275: 360,390,243,424
276: 189,218,115
277: 483,541,392
278: 307,365,219,333,391
279: 312
280: 199,337,423,340
281: 484,511,367
282: 427,429,575,310
283: 284,373
284: 283,373,457
285: 258,257,255
286: 99
287: 179,83
288: 435
289: 463,377,381
290: 83
291: 406,400,376
292: 408
293: 
294: 380,317,209
295: 296,245,187
296: 239,295
297: 238
298: 476
299: 386,385
300: 190,331
301: 243,334,359
302: 364,334,360,390
303: 510,326,475,533,473
304: 166,118,193,248
305: 359,332,418,448
306: 446,450,449,392
307: 365,278,390,220
308: 199,246,254
309: 425,426,452
310: 338,484,575,282
311: 370,373,460,314
312: 279,197,369
313: 343,374,315,460
314: 460,311,370,398
315: 374,149,226,313,344,201
316: 203
317: 233,294
318: 466,499,441
319: 465,379
320: 262,404,345,152
321: 235,83,208
322: 
323: 
324: 500
325: 187,86
326: 303,507,475,387
327: 218,213
328: 
329: 505,422,450,649
330: 358
331: 389,190,300,160,137,159
332: 418,422,305,448,446
333: 337,391,278,366,219
334: 301,243,302,360
335: 164,109,218,115
336: 220,361,222,219
337: 333,391,423,280
338: 310,484
801: 791,790
340: 368,423,280,199
341: 205
342: 149,226,202,490
343: 313
344: 201,346,374,315,259,232,403
345: 372,176,320,260
346: 344,201,258,127
347: 464,492,496
348: 
349: 491
350: 
351: 436,208
352: 
353: 357
354: 384
355: 442,356
356: 355
357: 353
358: 330,529,507,415
359: 305,477,301,243
360: 275,390,334,243,302
361: 220,336,139,364,216,222
362: 648,506,569,564,538
363: 393,419,391
364: 302,139,220,361
365: 307,278,390,393
366: 219,118,333
367: 656,511,430,484,281
368: 340,423,452
369: 250,199,312
370: 461,373,311,314,398
371: 227,490,431
372: 176,345,173,200,405
373: 461,370,283,284,311
374: 399,315,313,344
375: 515,463,396,522
376: 291
377: 527,381,492,289
378: 237
379: 465,319,435
380: 294,209
381: 377,527,289,523
382: 410
383: 472
384: 354
385: 271,386,299,274,416
386: 299,86,385
387: 215,273,507,326
388: 639,588,413,444
389: 190,331,160,109
390: 360,275,302,220,307,365
391: 333,337,278,363
392: 483,277,306,449
393: 363,419,365
394: 420,449,426
395: 246,250,254,168,227
396: 406,515,375
397: 604,489,427,603
398: 428,551,370,314,571
399: 374,460,432,403
400: 403,232,291,256,405
401: 459,428,493
402: 462,602
403: 400,344,399
404: 320,260,465
405: 256,232,400,372
406: 291,432,396
407: 439
408: 292,470
409: 263
410: 382
411: 234,265
412: 503,588,615
413: 588,388
414: 444,447
415: 507,475,358,417
416: 137,271,385
417: 415
418: 332,478,510,305
419: 363,393,451,420
420: 394,449,451,419
421: 563,531,501,445
422: 332,329,450
423: 337,280,340,368
424: 448,451,477,275
425: 309,485,511,452
426: 309,394
427: 429,282,603,397,489
428: 398,551,401,547
429: 427,282,603,457,459
430: 545,455,511,367
431: 490,371,226
432: 399,406
433: 573
434: 686,660,608
435: 288,379
436: 351
437: 521,519,632,525,607
438: 524,468
439: 407
440: 
441: 466,318
442: 355
443: 613,560
444: 414,639,388,643
445: 533,473,421
446: 306,332,448,451
447: 414
448: 424,451,305,477,332,446
449: 394,420,306,392
450: 649,422,329,306
451: 448,424,446,419,420
452: 511,425,309,368
453: 624,539,458,454
454: 486,453,512
455: 545,430,656
456: 598,575,489
457: 461,284,429,459
458: 516,453,624,545
459: 401,552,429,603,457
460: 314,313,311,399
461: 370,373,457
462: 544,402
463: 515,375,289
464: 347,522
465: 260,379,404,319
466: 318,441
467: 554
468: 438
469: 663,608
470: 264,408
471: 613,560,639
472: 383
473: 533,445,475,303
474: 753,615
475: 507,415,326,303,473
476: 238,298
477: 359,243,448,424
478: 215,418
479: 649,648
480: 691,619,567,669
481: 735,542,675,593,653
482: 543,598
483: 541,277,392,538
484: 281,367,338,310
485: 516,425
486: 454,512,598
487: 616,531,504,619
488: 520,603,628,552,517
489: 604,397,456,598,427
490: 202,371,227,342,431
491: 349,519
492: 377,522,347,496
493: 401
494: 686,581,634
495: 
496: 635,527,492,347
497: 
498: 
499: 526,318
500: 324
501: 531,421
502: 557
503: 412,667,594
504: 530,563,531,487
505: 329,533,565,509,649
506: 540,569,530,567,648,362
507: 475,415,358,387,326
508: 512,568
509: 565,530,505,649
510: 303,533,418
511: 452,425,430,281,367
512: 508,454,486,568
513: 718,695,755,671
514: 680,543,599
515: 375,463,571,396
516: 458,485,541,624
517: 544,628,488,520
518: 602,606,679,657
519: 521,491,437
520: 488,517
521: 519,437,659,607
522: 375,492,464
523: 632,527,381,635
524: 554,438
525: 632,550,437,607,581
526: 499,580
527: 377,381,523,496,635
528: 
529: 358
530: 504,509,506
531: 563,421,501,487,504
532: 534,691,561
533: 473,445,510,303,563,505,565
534: 532,589
535: 596,646,539
536: 566,690,672,537
537: 562,672,695,536,671
538: 362,483,541
539: 453,624,596,535
540: 506,569,669,567
541: 483,277,538,516,624
542: 735,481,595
543: 482,599,514
544: 517,462,572,628,574
545: 430,455,458
546: 702,548,705
547: 428,551,573
548: 546,705,652,627
549: 684,709,729,706
550: 525,581,605
551: 398,428,547,571
552: 459,603,488
553: 264
554: 467,524,580
555: 
556: 
557: 502,613
558: 756
559: 667
560: 471,443
561: 691,532
562: 672,537,618
563: 531,421,533,504,565
564: 596,362,569,646
565: 509,533,563,505
566: 536,672
567: 619,480,506,540,669
568: 570,621,508,512
569: 506,540,362,564,646
570: 568,744,621,601,673,622
571: 515,398,551
572: 544,574
573: 547,433
574: 572,544
575: 656,456,310,282
576: 707,726
577: 682,659,610,579
578: 663,605
579: 634,577,610,684
580: 554,526
581: 607,610,550,525,494
582: 
583: 
584: 
585: 
586: 
587: 
588: 413,388,412
589: 534
590: 695,645
591: 722,672
592: 597,653,601
593: 653,621,601,481
594: 643,503,641
595: 623,669,735,542
596: 564,646,539,535
597: 675,653,592
598: 456,486,482,489
599: 600,543,514
600: 599,744,701
601: 593,653,621,592,570,622
602: 518,402,659
603: 427,429,397,459,552,488
604: 397,489,628
605: 663,578,550
606: 518,655,679,652
607: 610,581,437,521,525
608: 636,663,686,434,469
609: 703,706
610: 607,581,577,579,634
611: 
612: 693
613: 471,443,557
614: 668,642
615: 474,412
616: 487,620,619
617: 670,756
618: 755,671,562
619: 567,616,487,480
620: 641,616
621: 593,601,570,568
622: 673,626,601,625,570
623: 595,735
624: 453,539,541,516,458
625: 626,622,651
626: 673,622,677,625,651
627: 681,548,705
628: 604,488,517,544
629: 683,701
630: 799,763,783,766
631: 743,793
632: 523,525,437
633: 660,750,637
634: 579,610,494
635: 496,527,523
636: 608
637: 633
638: 
639: 388,471,444
640: 668
641: 594,620
642: 718,614,670
643: 444,594
644: 
645: 590
646: 569,596,564,535
647: 696,676
648: 362,479,506
649: 450,479,505,329,509
650: 770,757,738
651: 699,625,626
652: 679,548,606
653: 593,601,481,675,597,592
654: 704,789,702
655: 606
656: 575,367,455
657: 682,518,679,729
658: 700,726,707
659: 682,577,602,521
660: 633,434
661: 711,710
662: 
663: 605,686,578,469,608
664: 
665: 
666: 
667: 503,559
668: 614,640
669: 540,567,480,595
670: 617,642
671: 618,755,695,513,537
672: 562,537,566,536,591
673: 626,622,677,570,744
674: 722,719
675: 597,735,481,653
676: 647,696,721
677: 673,626,698
678: 777,776,773
679: 652,518,606,657
680: 514
681: 627,703
682: 659,657,577,709,729
683: 629,702
684: 549,709,579
685: 748
686: 494,663,434,608
687: 
688: 
689: 
690: 536
691: 480,561,532
692: 
693: 612
694: 718
695: 590,513,537,671
696: 647,676,739,721
697: 742,738
698: 765,677,699
699: 651,698,765
700: 658,766,783,726
701: 744,600,629
702: 546,683,654,705
703: 609,681,706
704: 654,723,743
705: 793,546,702,548,627
706: 748,609,703,549
707: 576,658,782
708: 711,710
709: 729,682,684,549
710: 711,661,708
711: 727,661,708,710
712: 770,786,758
713: 
714: 733,736
715: 754
716: 734
717: 758,738
718: 642,694,513
719: 674
720: 775,741
721: 739,676,696
722: 591,674
723: 747,761,704,789
724: 776,777
725: 779,730
726: 783,730,576,658,700
727: 711
728: 793
729: 709,682,657,549
730: 726,725
731: 
732: 
733: 714
734: 736,716
735: 542,481,623,595,675
736: 734,714
737: 774,797
738: 697,650,770,717,758
739: 721,696,742
740: 758
741: 773,720
742: 697,739
743: 631,704,747
744: 570,673,600,701
745: 800,796,792,790
746: 
747: 723,761,762,743
748: 706,685
749: 767
750: 633
751: 
752: 
753: 474
754: 715
755: 618,671,513,797
756: 558,617
757: 650,770
758: 717,740,712,738
759: 760
760: 759
761: 747,723
762: 747
763: 799,630
764: 
765: 698,699
766: 700,783,630,769
767: 749
768: 784
769: 766
770: 650,757,712,738
771: 
772: 
773: 741,678
774: 737
775: 720
776: 724,678
777: 678,724
778: 
779: 725
780: 781
781: 780
782: 707
783: 726,630,700,766
784: 768
785: 
786: 712
787: 
788: 
789: 654,723
790: 745,801
791: 801
792: 745
793: 705,631,728
794: 
795: 
796: 800,745
797: 737,755
798: 
799: 630,763