0: 
1: 
2: 
3: 
4: 
5: 29
6: 
7: 
8: 27
9: 11
10: 
11: 9
12: 
13: 
14: 44
15: 
16: 
17: 55
18: 55
19: 
20: 193,138
21: 221,38
22: 36
23: 41,225
24: 100,76
25: 44
26: 
27: 8
28: 64
29: 5
30: 
31: 88,189
32: 89
33: 
34: 52,67,133
35: 94
36: 22
37: 
38: 21
39: 81,57
40: 42,80
41: 23,78,225,99
42: 40
43: 58
44: 14,25
45: 62
46: 67
47: 
48: 71,133,52
49: 50,270,134,109
50: 49,135
51: 88,95
52: 34,71,48
53: 
54: 
55: 103,17,18
56: 192,117,165,72,68
57: 39,125
58: 43
59: 170,198,255,77
60: 76,124,103,93
61: 
62: 45
63: 
64: 28
65: 108
66: 143
67: 46,34
68: 72,56,192,193
69: 
70: 244,88,162
71: 48,52
72: 90,166,165,56,68
73: 116
74: 
75: 171,253,98
76: 60,100,93,24
77: 229,59,255
78: 41,225,99
79: 122
80: 40
81: 39
82: 
83: 235,290
84: 182,106
85: 
86: 325,187,136,385
87: 185,108
88: 31,51,162,70
89: 32
90: 247,72,217,165
91: 143,221
92: 169,171,122,119
93: 76,60
94: 35
95: 51
96: 140
97: 249,145,228,119
98: 140,75,122
99: 121,41,78
100: 76,24
101: 146
102: 255,205,341,258
103: 55,60
104: 209
105: 380
106: 175,84
107: 
108: 87,65
109: 49,270
110: 211
111: 335,190,159
112: 
113: 
114: 
115: 217
116: 73,228,119,170
117: 56,192
118: 223,276,222
119: 228,92,116,97
120: 
121: 99,172
122: 79,98,92
123: 198,341
124: 60
125: 57,150
126: 316
127: 180,346,232
128: 
129: 
130: 236,294
131: 233
132: 385
133: 34,48
134: 270,389,49
135: 50,186
136: 188,187,86
137: 273,184
138: 248,20,333
139: 167,190,390
140: 98,96
141: 161
142: 189,163
143: 66,91
144: 249,148
145: 249,252,97
146: 101
147: 148,195,246,395,196
148: 147,252,144
149: 226,315,257
150: 125,177,153
151: 380,181
152: 261,345,233
153: 230,150
154: 177
155: 233
156: 
157: 187,296,188
158: 267
159: 160,389,111
160: 159,416
161: 141
162: 88,70
163: 327,142
164: 364
165: 90,72,56
166: 247,72,223
167: 139,390
168: 371,342
169: 92,171,251,249
170: 59,116,228
171: 75,251,169,92
172: 178,121
173: 232,400,176
174: 
175: 106
176: 345,173,261
177: 150,154
178: 172,316,229,203
179: 404,262
180: 127,286,200
181: 182,151
182: 181,84
183: 
184: 326,387,273,137
185: 87
186: 135,213
187: 157,188,136,86
188: 212,267,187,157,136
189: 213,31,142
190: 111,139
191: 223,276,247
192: 56,117,68,253
193: 224,68,20
194: 490,252,195
195: 147,252,196,194
196: 395,254,147,195
197: 281,279,484
198: 255,123,59
199: 280,254,227
200: 261,180
201: 460,313,374
202: 226,205,342,258,257
203: 316,178,286
204: 287
205: 341,342,490,102,202,258
206: 378
207: 230
208: 263
209: 104,237
210: 
211: 110
212: 188,267
213: 189,186
214: 
215: 332,387
216: 302,360,365,361,307
217: 115,90
218: 364
219: 220
220: 307,219,304,222
221: 21,91
222: 304,361,307,220,118
223: 276,191,166,118
224: 193
225: 23,41,78
226: 202,257,149
227: 371,431,199,343
228: 119,116,97,170
229: 77,178
230: 153,207
231: 290
232: 173,346,259,127
233: 131,155,152
234: 
235: 83
236: 130
237: 294,209
238: 298,384
239: 357
240: 
241: 389
242: 
243: 334,301,305
244: 70
245: 357,384
246: 366,333,248,147,395
247: 90,166,191
248: 138,246
249: 144,145,169,97
250: 369,279
251: 171,169
252: 148,195,145,194
253: 75,192
254: 395,196,199,280
255: 198,102,59,77
256: 405,404,260
257: 202,226,149
258: 102,205,202
259: 346,432,232,400
260: 256
261: 200,152,176
262: 179,321
263: 319,351,208
264: 
265: 
800: 787,788
267: 188,212,158
268: 
269: 353
270: 134,49,335,327,109
271: 386,299,416
272: 
273: 415,297,137,326,184
274: 386
275: 477,391,393
276: 223,191,302,361,118
277: 449,394,541,485
278: 336,304,308
279: 250,369,197,484
280: 312,199,366,395,254
281: 197,368,367
282: 338
283: 431,314
284: 484,373,311
285: 286
286: 203,285,180
287: 204,317
288: 435
289: 406,515,573,547
290: 231,83
291: 376,379
292: 467
293: 382,410
294: 237,130
295: 
296: 157
297: 415,273
298: 238,415
299: 271,386,416
300: 328,331
301: 334,478,332,305,243
302: 216,276,361
303: 475,529,447,533
304: 336,333,222,220,278
305: 418,301,243
306: 648,538,596
307: 361,220,216,222
308: 336,278
309: 394,419,541,452,511,430
310: 427,656
311: 461,373,284,313
312: 280
313: 461,311,201,370
314: 431,283,343
315: 343,149
316: 126,178,203
317: 287
318: 407,466,499
319: 436,321,263
320: 372,345
321: 262,319
322: 
323: 
324: 355,353
325: 86,385
326: 184,273,507
327: 163,270
328: 478,300,334
329: 510,451,448
330: 560,414
331: 300
332: 215,478,301
333: 336,304,138,246
334: 301,478,328,390,243
335: 111,270
336: 304,333,278,308
337: 452,423,363
338: 282
801: 
340: 511,423
341: 205,123,490,102
342: 205,490,168,202
343: 315,227,431,314
344: 400,399,372
345: 176,152,320
346: 259,127,232
347: 438,435,464
348: 
349: 544,572,402,517
350: 
351: 436,438,263
352: 408
353: 355,269,324
354: 
355: 353,324
356: 383,557
357: 245,239
358: 475,473
359: 477,424,418,448
360: 216
361: 307,302,216,276,222
362: 567,539,593,646
363: 391,337
364: 218,164
365: 216,391
366: 246,395,280
367: 368,545,281
368: 430,545,281,367
369: 250,279
370: 406,515,313,461,398
371: 227,168
372: 320,344,400
373: 575,311,284
374: 432,460,201
375: 571,403,551,396
376: 291,379
377: 463,547
378: 206
379: 405,376,291
380: 151,105
381: 519,437,523,491,433
382: 293
383: 442,356
384: 245,238
385: 86,325,132
386: 271,299,274
387: 184,215
388: 643,413,474
389: 241,159,134
390: 139,167,334
391: 365,275,393,363
392: 649,479,451,446,450
393: 424,275,391
394: 309,419,541,449,277
395: 254,196,366,246,147,280
396: 403,375
397: 429,427
398: 406,370,571,551
399: 571,460,344
400: 344,259,432,173,372
401: 573,459,428,603,515
402: 493,349,602
403: 375,396
404: 256,405,179,409
405: 256,404,379
406: 515,370,289,398,551
407: 318
408: 352
409: 436,404,465
410: 293
411: 
412: 615,559,534
413: 474,388
414: 330,560
415: 273,298,297
416: 271,299,160
417: 503,421,641
418: 305,477,359
419: 309,394,449,426
420: 446,448,424,426
421: 504,501,445,417
422: 479,505,510
423: 452,337,340
424: 359,420,393,426
425: 455,453
426: 449,424,420,419
427: 456,310,397
428: 461,603,515,401
429: 397,488,457,552
430: 368,309,511
431: 227,283,343,314
432: 374,259,400
433: 547,573,491,381
434: 659,709,577,579,634,581
435: 465,288,464,347
436: 409,319,351
437: 519,381,523,610
438: 347,351,524
439: 580
440: 
441: 
442: 383
443: 557
444: 473,471,503
445: 473,475,563,504,421
446: 451,420,448,392,450
447: 303,533
448: 451,420,446,329,359
449: 277,426,394,419
450: 446,392
451: 446,448,329,479,392
452: 337,423,309,511
453: 516,458,455,425
454: 535,543,593,601,508
455: 425,453,486,656
456: 427,656,512
457: 603,520,429
458: 516,453,564,486
459: 573,401,493,491
460: 201,374,571,399
461: 428,311,313,370
462: 682,652,680,606,517
463: 551,547,377
464: 496,522,435,347
465: 435,409
466: 318,499
467: 292,553
468: 
469: 636,526
470: 
471: 473,444
472: 
473: 445,444,358,471,475
474: 413,388
475: 303,358,445,473
476: 
477: 359,275,418
478: 328,332,334,301
479: 422,451,392,649
480: 616,487
481: 622,653
482: 744,598
483: 596,624,516
484: 284,279,197
485: 277,624,541
486: 458,455,535,656,512
487: 531,480,619,540
488: 429,628,552,544
489: 628,604,512
490: 194,205,341,342
491: 459,433,519,381
492: 663
493: 402,459
494: 
495: 
496: 464,522,527,635
497: 555
498: 637
499: 611,318,466
500: 
501: 504,421
502: 613
503: 417,643,444
504: 501,421,445,565,563
505: 533,530,510,422
506: 619,509,531,648,538
507: 326,529
508: 570,601,454,543
509: 506
510: 329,505,422
511: 340,452,309,430
512: 598,486,535,456,489
513: 737,690,623,562
514: 628,604,572,680
515: 406,370,289,428,401
516: 458,453,483
517: 606,602,572,349,462
518: 659,709,549,681
519: 381,437,491,607
520: 603,457,552
521: 659,606
522: 464,496,527
523: 381,437
524: 438,554
525: 610
526: 611,469
527: 496,522
528: 
529: 507,303
530: 565,505
531: 487,619,506
532: 667,534,620,691
533: 565,505,563,303,447
534: 667,532,412
535: 454,543,486,512
536: 645
537: 562,735,672
538: 648,306,506
539: 362,564
540: 487,619,569
541: 309,394,277,485
542: 646,622
543: 454,535,508
544: 572,349,488,628,552
545: 368,367
546: 705,655,683
547: 433,289,463,377
548: 627,654,729
549: 682,518
550: 579,605
551: 463,398,406,571,375
552: 429,488,520,544
553: 467
554: 524
555: 497
556: 
557: 443,356
558: 617
559: 615,668,412
560: 330,414
561: 691
562: 537,623,513,566
563: 565,533,445,504
564: 593,539,458
565: 533,563,530,504
566: 623,562,735
567: 362,569
568: 673,621,570
569: 619,540,567
570: 621,508,622,568
571: 399,375,460,398,551
572: 544,349,514,680,517
573: 401,459,289,433
574: 599,683
575: 373,603
576: 727
577: 659,434,610,579
578: 686,663
579: 610,550,577,434,581
580: 663,439
581: 634,660,434,579
582: 
583: 637,611
584: 
585: 
586: 
587: 716
588: 643,639
589: 617,614
590: 614,774,737
591: 669,735
592: 676,674
593: 646,601,564,362,454
594: 639,667,641,620
595: 675,669
596: 483,648,306
597: 672,674
598: 512,482
599: 574,600
600: 599,604
601: 593,646,622,454,508
602: 606,517,402,607
603: 457,520,428,575,401
604: 628,514,489,600
605: 686,550
606: 602,517,682,462,521
607: 602,519
608: 686
609: 633,750
610: 579,437,577,525
611: 526,583,499
612: 693,666
613: 502
614: 774,589,737,590
615: 668,559,412
616: 480
617: 558,589
618: 718,719
619: 569,506,531,487,540
620: 594,532,641
621: 570,568,673,744
622: 481,542,646,601,570
623: 513,566,562
624: 483,485
625: 677,626,699,747
626: 701,673,625
627: 548,654,728,793
628: 604,514,489,488,544
629: 705
630: 700,762,799,766
631: 728,761
632: 
633: 609
634: 581,660,709,434
635: 496
636: 469
637: 583,498
638: 
639: 594,643,588,667
640: 736
641: 417,594,620
642: 774
643: 588,388,639,503
644: 771
645: 671,536,695
646: 593,601,362,542,622
647: 697
648: 538,306,506,596
649: 392,479
650: 738,757,740
651: 721
652: 682,462,657
653: 481
654: 705,627,548
655: 546,657,683
656: 456,455,486,310
657: 705,655,652
658: 
659: 709,518,434,521,577
660: 634,581
661: 711
662: 
663: 580,492,578
664: 
665: 689
666: 612
667: 534,532,594,639
668: 615,559
669: 591,735,595,675
670: 695,671,690
671: 645,670,695,690
672: 722,537,719,597
673: 568,621,744,701,626
674: 676,592,597
675: 595,669
676: 674,592
677: 625
678: 720
679: 706,729,703
680: 514,572,462
681: 709,518
682: 652,549,462,606
683: 574,546,655
684: 685
685: 727,748,684
686: 605,608,578
687: 
688: 
689: 665
690: 737,513,670,671
691: 532,756,561
692: 733
693: 612
694: 733
695: 670,645,671
696: 697
697: 647,696
698: 701,699,789,704
699: 747,702,625,698
700: 630,766,769
701: 698,626,673,744
702: 699,747,765,704
703: 679,730
704: 698,702,789
705: 546,657,654,629
706: 679,748
707: 731,749,726
708: 710
709: 659,518,434,681,634
710: 708
711: 661
712: 722,757
713: 
714: 
715: 786
716: 587
717: 739,724
718: 755,618,719
719: 618,718,672
720: 776,678
721: 651
722: 672,712
723: 728
724: 765,717,743,777
725: 761,783
726: 707
727: 685,576
728: 631,723,627,761
729: 548,679
730: 703,793,783
731: 707,749
732: 
733: 694,692
734: 
735: 591,669,566,537
736: 640
737: 690,513,614,590
738: 650,770
739: 765,717,747
740: 759,650,770
741: 
742: 770,776
743: 765,724
744: 482,621,673,701
745: 796
746: 792,795
747: 699,702,625,739,765
748: 685,706
749: 731,707
750: 609
751: 
752: 
753: 
754: 
755: 797,718
756: 691
757: 712,650
758: 759
759: 740,758
760: 775
761: 725,793,631,728
762: 799,630
763: 777,780,799
764: 
765: 739,724,747,702,743
766: 630,700
767: 
768: 
769: 700
770: 742,738,740
771: 644
772: 
773: 
774: 614,642,590
775: 760
776: 720,742
777: 763,780,724
778: 
779: 
780: 777,763
781: 796
782: 
783: 725,793,730
784: 
785: 786
786: 715,785
787: 800
788: 796,800
789: 698,704
790: 
791: 795
792: 746
793: 761,783,627,730
794: 
795: 791,746
796: 788,781,745
797: 755
798: 
799: 762,763,630