0: 
1: 
2: 
3: 
4: 
5: 
6: 
7: 
8: 
9: 11
10: 19
11: 9
12: 
13: 
14: 80,58,44,64
15: 47,69
16: 
17: 103,55,116
18: 94,103
19: 10
20: 166,304,138
21: 221
22: 94,36
23: 93
24: 40,60
25: 
26: 
27: 
28: 
29: 
30: 183
31: 69,141
32: 89
33: 
34: 
35: 
36: 22
37: 
38: 
39: 125,150
40: 24
41: 122,97,119,123,59
42: 43
43: 42
44: 64,14,63
45: 81,62
46: 67
47: 15
48: 133
49: 162,163,217
50: 134,132,113,135,186
51: 66
52: 161
53: 91
54: 
55: 79,17,103
56: 165,72
57: 153,105
58: 14,80
59: 78,121,41,97
60: 101,24
61: 
62: 175,81,45,153
63: 44
64: 44,14
65: 
66: 71,51
67: 46
68: 138,253,224
69: 141,15,31
70: 
71: 66
72: 191,56,166
73: 116,92,170
74: 
75: 79,96,171
76: 101,124
77: 99,78,229,178
78: 59,121,146,77,99
79: 75,98,55
80: 14,58
81: 45,62
82: 155,204,231,177
83: 321,287,290
84: 
85: 106,175
86: 386,385
87: 
88: 162
89: 32
90: 
91: 53,143
92: 169,73,122
93: 23,100
94: 22,18
95: 
96: 140,75,253
97: 41,122,170,225,59,121
98: 79,171
99: 77,78,150,178,172
100: 93
101: 60,76
102: 341,255,257
103: 17,55,18
104: 378
105: 177,57
106: 85
107: 
108: 
109: 270,213,335,327
110: 272
111: 241,270
112: 
113: 135,132,50
114: 
115: 335,164,327,276
116: 73,17
117: 171,253
118: 366,336,333
119: 194,123,169,41
120: 
121: 78,59,97,225,146
122: 41,97,92
123: 194,119,41,198,228
124: 76,174
125: 39
126: 203,207
127: 316,259,173
128: 174
129: 
130: 
131: 152,233,155,231,317
132: 134,50,113
133: 48
134: 132,50
135: 113,50,186
136: 
137: 159,328,300
138: 68,20,224
139: 364,361
140: 96
141: 69,31
142: 186,213
143: 91
144: 192,148,145
145: 251,144,148,147,249
146: 78,121,150
147: 196,145,195,249,252,205
148: 193,144,248,145,196
149: 226,258,346,201
150: 146,99,39,172
151: 156
152: 131,233,180,261,155,320
153: 57,62
154: 181
155: 82,231,152,131
156: 151
157: 188
158: 211
159: 160,416,137,331
160: 159,331
161: 52
162: 49,88
163: 218,49
164: 335,115
165: 244,56
166: 20,223,247,72
167: 189,276
168: 202,490,195,246
169: 92,251,119
170: 73,97
171: 117,75,98
172: 150,99
173: 259,232,200,127,372
174: 128,124
175: 62,85
176: 372,345,200,180
177: 105,82,204
178: 255,229,77,99
179: 262,436
180: 261,230,200,176,152
181: 154
182: 
183: 30
184: 
185: 
186: 142,135,50
187: 325,212,295
188: 157,210
189: 167,218,276
190: 331,300
191: 247,72
192: 224,144,251
193: 148,304
194: 119,123,249,252,228
195: 246,147,196,168
196: 147,148,248,195,246
197: 312,368
198: 229,228,123
199: 280,340,312
200: 173,180,230,372,176
201: 346,344,149,315,374
202: 490,168,342
203: 286,126
204: 82,231,177
205: 252,147
206: 
207: 126
208: 321,235,352
209: 237
210: 188
211: 158
212: 267,187
213: 218,142,109,327
214: 
215: 478
216: 223,222,247,361
217: 49
218: 213,163,327,189,276
219: 220,336,307,333,278
220: 336,361,307,364,390,219
221: 21
222: 223,216,336,361
223: 216,222,247,166
224: 192,68,138
225: 97,121
226: 342,149,315
227: 371,250,395,490
228: 198,194,123,252
229: 198,77,255,178
230: 180,261,200
231: 82,155,204,131
232: 259,173,344,400,372
233: 152,131,320,404,317,262
234: 411,265
235: 321,208,378
236: 
237: 209
238: 
239: 296,245
240: 
241: 111
242: 
243: 360,334,302,477
244: 165
245: 239,297
246: 195,248,254,196,395,168
247: 223,216,191,166
248: 254,148,196,246
249: 194,251,145,147,252
250: 395,369,371,227
251: 145,192,169,249
252: 205,147,194,249,228
253: 117,96,68
254: 248,246
255: 178,229,102,285
256: 405,260,376,345
257: 285,341,102,258
258: 341,149,257
259: 173,232,346,344,127
260: 256,345
261: 180,230,152
262: 179,233,404,287
263: 409
264: 470
265: 234
800: 745
267: 212
268: 
269: 
270: 389,111,109,335
271: 385,416
272: 110
273: 
274: 297,299
275: 424,360,365,393
276: 218,115,167,189
277: 483,541,392,449,426
278: 333,307,391,219
279: 
280: 199,308,340
281: 484,511,367
282: 427,429,575,310
283: 311,343,373
284: 338,457,373
285: 257,255,316
286: 203
287: 317,262,83
288: 435
289: 377,381,463
290: 83
291: 396,376
292: 408
293: 
294: 380
295: 325,187
296: 239
297: 274,245
298: 476,529,358
299: 385,386,274
300: 328,137,331,190
301: 478
302: 364,334,360,243,390
303: 510,326,475,533,445
304: 20,193
305: 359,478,332,418,448
306: 446,451,392,420,449
307: 220,336,390,219,278
308: 333,366,280
309: 425,452,394,426,485
310: 575,656,367,484,282
311: 343,283,370,373,314
312: 197,369,199,340
313: 460,314,315,399
314: 460,313,311,370,398
315: 226,201,374,313
316: 127,285
317: 287,131,233
318: 466
319: 376,379,465
320: 404,152,233
321: 235,83,208
322: 
323: 
324: 
325: 187,295
326: 510,303,387,507,475
327: 335,115,109,218,213
328: 300,137
329: 422,649,450
330: 358,415,447
331: 190,160,159,300
332: 418,422,305,448,446
333: 278,308,118,219
334: 302,243
335: 115,164,327,109,270
336: 220,307,222,118,219
337: 423,363,391
338: 284
801: 792,745
340: 368,423,280,199,312
341: 102,258,257
342: 226,202,490
343: 311,431,283
344: 346,201,374,259,232,403,400
345: 372,176,400,256,405,260
346: 201,344,149,259
347: 464,522,492,496
348: 499
349: 520
350: 
351: 436,379,435
352: 208
353: 357
354: 356,443
355: 442
356: 354,384
357: 353
358: 330,415,298,529
359: 305,478,477,448
360: 243,302,477,275,365
361: 220,139,364,216,222
362: 648,506,596,538,564
363: 337,419,394
364: 302,139,220,361,390
365: 390,393,360,275
366: 118,308
367: 656,310,511,430,281
368: 340,423,197
369: 312,250
370: 373,311,314,398,461
371: 227,431,250
372: 345,176,200,173,232
373: 370,457,283,284,311
374: 399,315,201,344,403
375: 463
376: 256,291,319
377: 289,492,523,527
378: 235,104
379: 465,319,351,435
380: 294
381: 519,433,289,632
382: 
383: 500
384: 356
385: 271,299,416,386,86
386: 86,385,299
387: 507,326
388: 412,588
389: 270
390: 365,302,364,220,307
391: 393,278,337
392: 479,450,306,483,277
393: 365,391,275
394: 449,426,419,363,309
395: 250,246,227
396: 291
397: 427,603,488,552
398: 461,370,314,571
399: 374,313,403
400: 403,344,232,345,405
401: 603,493
402: 602,462
403: 400,344,374,399
404: 320,233,262
405: 256,400,345
406: 432,515
407: 439
408: 292
409: 263
410: 
411: 234
412: 503,388,594,643
413: 502,557
414: 444,639,417
415: 330,358,507
416: 271,385,159
417: 473,414
418: 332,422,510,305
419: 394,420,363
420: 449,306,451,419
421: 531,445,563
422: 332,418,533,329,446
423: 337,340,368
424: 477,275,448,451
425: 309,452,485
426: 394,449,277,541,309
427: 429,282,575,489,397
428: 547,461,551
429: 427,282,459,603
430: 545,455,511,367
431: 371,343
432: 406
433: 519,381,573
434: 660
435: 379,288,351
436: 351,179
437: 521,519,632,607
438: 524,467
439: 407,467,466
440: 
441: 555
442: 355
443: 354,613
444: 414,639,643
445: 563,473,303,421
446: 306,451,332,422,450
447: 560,330
448: 477,424,305,359,332,451
449: 394,420,426,306,277
450: 392,649,329,446
451: 306,446,424,448,420
452: 309,425
453: 624,539,535,454,458
454: 458,453,512
455: 545,430,486,458,656,456
456: 598,489,455,486,575,656
457: 373,284,459
458: 454,486,453,455
459: 603,429,457
460: 314,571,313
461: 398,370,428
462: 517,544,574,402
463: 375,289
464: 347,522
465: 379,319
466: 318,439
467: 524,438,580,439
468: 
469: 578
470: 264
471: 560
472: 
473: 417,475,445
474: 503,615
475: 473,507,303,326
476: 298,529
477: 424,448,359,360,243
478: 305,359,215,301
479: 392,648,538
480: 669,691,619,567
481: 593
482: 512,598
483: 277,541,392,538
484: 281,310
485: 516,309,425,545
486: 458,455,456,598
487: 616,620,531,619
488: 552,520,397,517
489: 456,598,575,427,604
490: 202,168,227,342
491: 519
492: 377,522,347,496,527
493: 552,520,401,603
494: 663,686,581
495: 
496: 492,347,635
497: 555
498: 
499: 348
500: 383
501: 531,620
502: 413
503: 412,594,474,615
504: 567,530,506
505: 533,563,565
506: 569,530,504,648,362
507: 415,387,475,326
508: 512,568,600
509: 530,565,649
510: 303,326,533,418
511: 430,281,367
512: 454,482,508
513: 671,562,618,755
514: 572,543
515: 551,571,406
516: 485,541,624
517: 544,462,488,520
518: 606,602,657,659
519: 433,381,491,437
520: 488,552,493,517,349
521: 437,577
522: 492,347,464
523: 632,525,377,527,550
524: 438,554,467
525: 632,523,607,581,550,605
526: 580
527: 377,492,523,550,635
528: 
529: 476,298,358
530: 509,504,506
531: 421,501,487,620,565
532: 691,616
533: 563,505,510,303,422
534: 558,559,667,589
535: 453,539
536: 566,537,690
537: 536,566,690,672
538: 596,479,648,362,483
539: 453,624,535
540: 569,595
541: 483,277,426,516
542: 646
543: 628,514
544: 517,462,628,572,574
545: 430,455,485
546: 683,702,705,548
547: 428,573,551
548: 679,652,546,705,627
549: 709,729,684,706
550: 605,635,523,525,527
551: 515,547,428
552: 488,520,493,397,603
553: 
554: 524,580
555: 441,497
556: 
557: 613,413
558: 559,534,756
559: 558,534,667
560: 471,447
561: 589,691,645
562: 672,513,618
563: 533,445,505,421
564: 596,362,646
565: 509,505,531
566: 536,537,735,591
567: 619,504,480,669
568: 570,621,508,600
569: 540,506
570: 568,673,622,600,744
571: 460,398,515
572: 514,544,574
573: 547,433
574: 655,572,544,462,606
575: 310,456,489,427,282
576: 707
577: 521,659,607,610
578: 469
579: 634,682,709
580: 526,554,467
581: 607,610,525,605,663,494
582: 611
583: 611,608
584: 
585: 
586: 
587: 693
588: 388
589: 561,534
590: 670,695
591: 675,597,566,735
592: 653,675,597
593: 481,601,653,621
594: 503,412,643
595: 623,540,735
596: 538,564,362,624
597: 591,722,592
598: 456,489,486,482
599: 600,744,680
600: 599,570,568,508
601: 593,653,622
602: 402,518,606
603: 401,459,429,397,552,493
604: 489,628
605: 550,525,581,663
606: 518,574,602
607: 610,581,437,577,525
608: 636,583
609: 748,706
610: 607,581,577
611: 583,582
612: 
613: 557,443
614: 734,668,617,642
615: 503,474
616: 487,620,532,691
617: 670,756,614
618: 755,513,562,719
619: 567,487,480
620: 616,487,501,531
621: 568,593
622: 673,626,601,570
623: 595,669
624: 453,539,596,516
625: 651,699
626: 673,622,677,699
627: 681,728,705,793,548
628: 543,604,544
629: 701,680
630: 799,763
631: 743
632: 523,525,381,437
633: 750
634: 579
635: 550,496,527
636: 608
637: 750
638: 
639: 444,414
640: 734
641: 667
642: 614
643: 412,594,444
644: 
645: 561,695
646: 564,542
647: 676
648: 362,479,506,538
649: 450,329,509
650: 757,770
651: 699,676,625,721
652: 679,657,548
653: 592,593,601
654: 705,702,704
655: 574
656: 310,367,455,456
657: 679,652,518,729
658: 707,782
659: 682,518,577
660: 434
661: 711,708,710
662: 
663: 494,686,581,605
664: 
665: 689
666: 
667: 641,559,534
668: 614,734
669: 480,567,623
670: 617,590
671: 513
672: 562,537
673: 626,622,677,570,701,744
674: 719
675: 591,735,592
676: 722,647,721,651
677: 673,626,699,701,698
678: 777,773
679: 652,657,548,729
680: 599,629
681: 627,703
682: 659,709,729,579
683: 702,546
684: 706,709,549
685: 
686: 663,494
687: 
688: 
689: 665
690: 695,536,537
691: 532,616,561,480
692: 
693: 587
694: 737
695: 590,690,645
696: 739,721,742
697: 717,742
698: 765,789,677,699
699: 651,625,626,677,698
700: 783,766,726
701: 744,673,677,629
702: 683,704,546,705,654
703: 681
704: 723,789,702,654
705: 793,654,702,546,548,627
706: 684,549,748,609
707: 576,658,782,727
708: 711,661
709: 549,682,579,684
710: 661
711: 708,661
712: 770
713: 
714: 736
715: 754
716: 
717: 697,742
718: 737,755
719: 674,618
720: 741
721: 676,651,696
722: 597,676
723: 704,789,747
724: 739
725: 730,783
726: 783,730,700
727: 782,707
728: 627,793
729: 549,679,657,682
730: 725,783,726
731: 749
732: 
733: 
734: 614,668,640
735: 595,566,675,591
736: 714
737: 694,718
738: 758,770
739: 696,742,724
740: 759,758,775
741: 720
742: 776,697,717,739,696
743: 747,631
744: 701,570,673,599
745: 790,800,792,801
746: 795
747: 743,761,723
748: 609,706
749: 731
750: 633,637
751: 
752: 
753: 
754: 715
755: 618,718,513
756: 558,617
757: 650
758: 738,775,740
759: 740
760: 
761: 747,762
762: 761
763: 630
764: 
765: 698
766: 783,700
767: 799,769
768: 784
769: 767
770: 712,650,738
771: 
772: 
773: 678,777
774: 797
775: 758,740
776: 742
777: 678,773
778: 
779: 780
780: 781,779
781: 780
782: 727,707,658
783: 766,726,725,730,700
784: 768
785: 
786: 
787: 
788: 
789: 698,704,723
790: 745
791: 
792: 801,745
793: 705,627,728
794: 
795: 746
796: 
797: 774
798: 
799: 630,767