0: 
1: 
2: 
3: 
4: 
5: 29
6: 48
7: 
8: 36,74
9: 11
10: 
11: 9
12: 
13: 
14: 58,44
15: 69,141
16: 
17: 73,98
18: 94,22,103
19: 
20: 72,68,166,138
21: 221
22: 18
23: 93,60
24: 60
25: 
26: 28
27: 74
28: 26
29: 5,65
30: 183
31: 69,141
32: 89
33: 
34: 
35: 
36: 8
37: 
38: 
39: 150,146,174,81
40: 
41: 97,123,121,59
42: 80
43: 
44: 63,14
45: 62
46: 133,67
47: 
48: 133,6
49: 162,217
50: 213,113,134,111,186
51: 53
52: 
53: 51,91
54: 
55: 79,143,103
56: 96,165
57: 125,172,126,153
58: 14
59: 121,229,41,228,198
60: 76,23,24
61: 
62: 175,45
63: 44,128
64: 
65: 29
66: 71,95
67: 46
68: 72,20,224,192,138
69: 141,31,15
70: 88,95
71: 95,66
72: 20,68,191,166
73: 17,92,116,170,122
74: 27,8
75: 96,253,171
76: 101,60,124
77: 99,229,178
78: 150,146
79: 55,143
80: 42
81: 39
82: 207,177,155,204
83: 321,290,235
84: 
85: 
86: 385,325
87: 
88: 70
89: 32
90: 167,247
91: 53,221,143
92: 169,73,122
93: 23,116,100
94: 18,100
95: 71,66,70
96: 56,253,140,75
97: 41,122,225,121
98: 17
99: 77,150,172
100: 94,93
101: 76,124,174
102: 198,255,229
103: 55,18
104: 378
105: 153
106: 
107: 
108: 
109: 213,270,327,335
110: 
111: 134,50,270
112: 
113: 135,134,186,50
114: 
115: 276,327,189
116: 93,73,170
117: 171,253,192
118: 333,336,304,222,223
119: 194,123,169,249
120: 
121: 59,41,97,225
122: 170,73,92,97
123: 228,119,41
124: 101,76,174,146
125: 150,172,57
126: 57
127: 173
128: 63
129: 
130: 
131: 152,233
132: 134
133: 46,48
134: 111,132,113,50
135: 113
136: 
137: 331,300
138: 224,20,68,193
139: 302,364,164,334,276
140: 96
141: 69,31,15
142: 213,163
143: 55,79,91,221
144: 251,249,224,193,145
145: 196,148,249,144,147
146: 150,39,124,174,78
147: 205,249,195,196,145,194,252
148: 193,248,145,246
149: 346,344,226,201,374
150: 146,39,99,78,125,172
151: 
152: 180,261,131,320,233
153: 57,105
154: 181
155: 231,204,207,82,261
156: 
157: 
158: 211
159: 416,271,331,160
160: 331,159,389
161: 
162: 49
163: 218,142,213
164: 335,334,139
165: 56
166: 216,191,247,72,20,223
167: 189,90
168: 227,490,195,395
169: 92,251,119
170: 122,73,116
171: 117,253,75
172: 150,99,125,57
173: 259,372,127,176
174: 101,124,146,39
175: 62
176: 200,173,372,180
177: 82,204
178: 286,77
179: 404,436
180: 261,152,176,200,230
181: 154
182: 
183: 30
184: 
185: 
186: 113,50
187: 325
188: 296,295
189: 167,218,115
190: 389
191: 247,166,72
192: 224,68,117,251
193: 248,148,224,138,144
194: 119,252,249,147
195: 196,246,147,168
196: 195,145,249,147
197: 312,281,279
198: 102,228,59,229
199: 250,312,369
200: 176,230,180
201: 315,226,149,374
202: 342,205,490,258
203: 316,286,230
204: 231,155,82,177
205: 147,252,341,202
206: 
207: 82,261,155
208: 352,321
209: 290
210: 
211: 158
212: 267
213: 109,50,142,163
214: 
215: 387,418
216: 166,361,222,223
217: 49
218: 163,327,189
219: 333,336,307,278
220: 361,390,307
221: 21,91,143
222: 361,216,223,336,118
223: 166,216,222,118
224: 192,138,68,193,251,144
225: 97,121
226: 342,315,201,149
227: 168,395,250
228: 123,252,59,198
229: 59,198,102,77
230: 203,200,180
231: 155,204
232: 259,344,400,403
233: 320,404,152,131,262
234: 411
235: 83
236: 
237: 
238: 
239: 296,245
240: 
241: 271
242: 
243: 301,334,302
244: 
245: 386,239,297
246: 395,148,254,195
247: 191,90,166
248: 193,148,304,366
249: 251,144,196,145,194,119,147
250: 199,227
251: 249,144,224,192,169
252: 194,228,147,205
253: 96,75,117,171
254: 308,366,246
255: 102,257
256: 465,405,345,260
257: 285,255
258: 341,202
259: 173,232,346,344
260: 320,404,345,256,465
261: 180,152,207,155
262: 287,233
263: 292,352
264: 470
265: 
800: 745,792
267: 212,272
268: 
269: 324,442
270: 111,109
271: 241,385,416,159
272: 267
273: 387
274: 386,299
275: 448,424,477,365
276: 115,139
277: 394,449,306,392,426
278: 391,219,337
279: 197,369,484
280: 308
281: 367,484,197
282: 284,484,575
283: 311,343,431,338
284: 282,484,338,373
285: 257,286,316
286: 178,285,203,316
287: 317,262
288: 
289: 381,551,377
290: 209,83
291: 406,432,571,396
292: 263
293: 410
294: 380
295: 188
296: 239,188
297: 245
298: 476,529,358
299: 274
300: 328,137,331
301: 243,478
302: 364,139,390,334,243,360
303: 473,475,326
304: 118,248,366
305: 359,418,332,448
306: 446,420,392,450,449,277
307: 391,390,220,219
308: 254,366,333,280
309: 426,425,452,394
310: 656,455,367,575
311: 343,283,338,370,373,314
312: 197,369,340,199
313: 460,399,374
314: 460,311,370
315: 201,431,226,343
316: 203,286,285
317: 287
318: 499
319: 465,376,379
320: 404,233,260,152
321: 83,208
322: 
323: 
324: 269,442
325: 187,86
326: 507,303,510
327: 335,109,218,115
328: 300
329: 446,332,422,649,450
330: 443,358
331: 160,159,137,300
332: 422,305,448,451,446,329
333: 219,336,118,308,366
334: 164,243,302,139
335: 164,327,109,389
336: 333,219,118,222
337: 423,363,391,278
338: 284,311,283,373
801: 792,745,746
340: 423,312
341: 258,205
342: 226,202,490
343: 311,283,431,315
344: 346,149,374,259,232,403
345: 372,256,260
346: 149,344,259
347: 464,496,492
348: 
349: 520,517,493,402
350: 
351: 435,409
352: 208,263
353: 
354: 443
355: 384
356: 
357: 
358: 298,330
359: 305,478,477,448
360: 477,365,302,390
361: 220,222,364,216
362: 596,564,538,506,569
363: 337,391,419,393
364: 302,139,390,361
365: 360,477,275
366: 254,308,333,304,248
367: 281,511,430,310
368: 452
369: 312,199,279
370: 373,461,311,314
371: 431
372: 173,176,345
373: 370,338,284,311,457
374: 201,149,344,399,313,403
375: 463,406,396
376: 465,319
377: 381,289,492
378: 104
379: 319,436,435
380: 294
381: 289,377,632
382: 
383: 500
384: 355
385: 86,271,416
386: 245,274
387: 215,273
388: 413,588,639,412
389: 190,160,335
390: 302,364,360,220,307
391: 307,278,363,337
392: 479,450,306,648,277,483
393: 419,424,363
394: 449,277,419,309,426
395: 246,227,168
396: 406,291,375
397: 427,429,488,552
398: 428,461
399: 460,313,374,403,432
400: 403,232,405
401: 573,459,603,493
402: 606,349
403: 400,344,374,399,232
404: 320,233,260,179
405: 256,465,400
406: 571,291,396,375
407: 467,439
408: 470
409: 351
410: 293
411: 234
412: 474,388,588,639
413: 388,557,502,471
414: 447,417,444
415: 507
416: 159,385,271
417: 473,475,447,414
418: 305,215
419: 393,394,363
420: 451,446,306,424,449
421: 501
422: 332,533,329
423: 337,340
424: 448,275,451,420,393
425: 309,485,545,430
426: 309,394,277,541
427: 397,489,429,575
428: 398,461,459,515
429: 575,397,427
430: 545,455,425,511,367
431: 371,315,343,283
432: 571,291,399
433: 491
434: 660,494
435: 351,379
436: 379,179
437: 521,519,607
438: 467,524,468
439: 467,407
440: 
441: 466
442: 269,324
443: 613,354,330
444: 414,643
445: 563,473,565
446: 451,329,420,306,332,450
447: 414,417,475
448: 424,275,305,359,332,451
449: 394,277,420,306
450: 479,649,392,446,329,306
451: 446,420,332,448,424
452: 309,368
453: 454,486,539,458
454: 486,453,512
455: 545,430,458,486,456,310,656
456: 486,455,656,598
457: 603,373,459
458: 545,455,516,486,453
459: 401,461,603,457,428
460: 314,399,313
461: 370,398,428,459
462: 517,606
463: 522,375,551
464: 347
465: 256,405,376,260,319
466: 441
467: 439,438,468,407
468: 467,438
469: 636,578,526
470: 264,408
471: 613,557,413
472: 
473: 417,475,303,445
474: 503,412,615
475: 417,473,303,447
476: 298,529
477: 360,365,359,275
478: 359,301
479: 649,392,450,648
480: 669,561
481: 601,675
482: 543,512,489,598
483: 392,596
484: 281,279,284,282
485: 516,541,425,545
486: 454,456,453,455,458
487: 616,620,531,619
488: 552,397,628,544
489: 598,482,604,427
490: 168,342,202
491: 433
492: 496,522,377,527,347
493: 520,349,401
494: 581,434
495: 
496: 492,347,635
497: 
498: 750
499: 526,318
500: 383
501: 643,421,620
502: 557,413
503: 474,615,594
504: 619,506
505: 563,565,533
506: 648,538,530,504,362,569
507: 326,415
508: 512,621,570,568
509: 530
510: 326
511: 430,367
512: 508,454,482
513: 671,718,755
514: 600,599,680
515: 428,551
516: 485,541,624,458
517: 544,462,349
518: 657,602,606,659
519: 437,632,607
520: 552,349,493
521: 577,437,602
522: 463,492
523: 632,527,525,550
524: 438
525: 607,523,550,581
526: 499,469,636
527: 523,492
528: 
529: 476,298
530: 648,506,509
531: 565,487,620
532: 691,667,641,616
533: 563,505,422
534: 559
535: 539,593
536: 645,695
537: 562,690
538: 648,506,596,362
539: 535,453
540: 567,595,646,542
541: 516,485,624,426
542: 675,540,595,646,735
543: 482,604
544: 517,628,488
545: 430,455,458,425,485
546: 705,655,574,652
547: 551,573
548: 679,652,705,627
549: 682,709
550: 523,525,605,581
551: 547,289,515,463
552: 488,520,397,603
553: 
554: 578,580,635
555: 
556: 582
557: 502,471,613,413
558: 
559: 534
560: 
561: 480,691,645
562: 537,618,672
563: 445,505,565,533
564: 362,569
565: 531,563,445,505
566: 735
567: 540,669
568: 570,601,621,508,622
569: 646,506,362,564
570: 568,508,673,600,744
571: 406,432,291
572: 
573: 401,547
574: 655,546
575: 429,310,282,427
576: 
577: 521,610
578: 554,580,663,469
579: 684
580: 554,578
581: 605,494,525,550
582: 556,611
583: 
584: 
585: 
586: 
587: 693
588: 388,412
589: 756,691
590: 670
591: 597,735,675
592: 597,625
593: 621,535
594: 643,503
595: 623,540,542,735
596: 362,538,483,624
597: 591,592
598: 489,456,482
599: 744,514,701,680,629
600: 744,514,570
601: 481,621,568,622
602: 606,518,521
603: 457,552,401,459
604: 489,543,628
605: 686,581,663,550
606: 402,602,462,518
607: 525,519,437,632
608: 636
609: 748,727
610: 577
611: 582
612: 666
613: 471,443,557
614: 670,617,734
615: 503,474
616: 487,620,641,532
617: 668,614,670
618: 562,671,719,755,672
619: 504,487
620: 616,487,501,531
621: 593,601,508,568
622: 626,601,653,568
623: 595,669
624: 516,541,596
625: 676,592,653
626: 622,677,653
627: 681,793,679,548
628: 604,488,544
629: 599,701,680
630: 766,763,783
631: 743,654
632: 523,381,519,607
633: 685
634: 684,660
635: 663,496,554
636: 469,608,526
637: 660
638: 
639: 388,412
640: 716,734,668
641: 667,616,532
642: 737
643: 594,501,444
644: 
645: 536,695,561
646: 569,540,542
647: 721,674,676
648: 538,506,530,479,392
649: 479,450,329
650: 770,712,738
651: 699,721
652: 729,548,655,546,705,657
653: 625,626,622
654: 793,702,631
655: 574,546,657,652
656: 310,455,456
657: 518,655,729,652
658: 707,700
659: 709,518,682
660: 434,637,634
661: 784,708,710
662: 
663: 635,605,686,578
664: 
665: 
666: 612
667: 641,532,691
668: 617,734,640
669: 480,567,623
670: 614,617,590
671: 690,513,618
672: 722,562,618,719,674
673: 677,570,744,701
674: 722,672,676,647
675: 542,591,735,481
676: 625,722,674,647,721
677: 673,626,701,698
678: 741,776,777
679: 729,548,627,681
680: 683,599,514,629
681: 627,679,703
682: 549,729,709,659
683: 680
684: 579,634
685: 748,633
686: 605,663
687: 
688: 
689: 
690: 671,695,537
691: 532,667,589,561
692: 712
693: 587
694: 736,714
695: 645,536,690
696: 721,739
697: 742
698: 765,789,677
699: 651
700: 658,783,726,766
701: 673,677,599,744,629
702: 654,723,704,705
703: 681,706
704: 723,789,702
705: 546,702,548,652
706: 703,748
707: 658,782
708: 661
709: 659,549,682
710: 661,784
711: 727
712: 650,692
713: 
714: 733,694
715: 754
716: 640
717: 742,758
718: 797,513,755
719: 755,618,672
720: 776
721: 647,696,676,651
722: 672,674,676
723: 704,747,789,743,702
724: 739
725: 
726: 783,730,700
727: 782,609,711
728: 730,793
729: 679,652,657,682
730: 728,726
731: 749
732: 
733: 714
734: 668,640,736,614
735: 591,595,566,542,675
736: 694,734
737: 642
738: 758,740,650,770
739: 696,724
740: 758,738,770,775
741: 678,773
742: 697,717
743: 723,747,631
744: 600,599,570,673,701
745: 790,800,792,801
746: 795,791,801
747: 723,765,789,743
748: 609,706,685
749: 731
750: 498
751: 
752: 
753: 
754: 715
755: 719,513,718,618
756: 589
757: 
758: 738,740,775,717
759: 760
760: 759,775
761: 762
762: 761,777,780
763: 630
764: 
765: 698,789,747
766: 799,630,783,700,769
767: 799
768: 
769: 766
770: 650,738,740
771: 
772: 
773: 781,741
774: 797
775: 760,758,740
776: 720,678
777: 678,762
778: 
779: 780
780: 762,779
781: 773
782: 727,707
783: 726,630,766,700
784: 661,710
785: 
786: 
787: 
788: 
789: 698,765,723,704,747
790: 745
791: 746,795
792: 801,745,800
793: 654,627,728
794: 
795: 746,791
796: 
797: 774,718
798: 
799: 766,767