0: 
1: 
2: 
3: 
4: 
5: 
6: 37
7: 8,10,24
8: 7
9: 33,10
10: 7,9
11: 59,40,13
12: 19
13: 11
14: 39,60,103
15: 32,114
16: 
17: 71,66
18: 37
19: 12
20: 73,52,117,95
21: 55
22: 37,35
23: 36,53,120
24: 7,40
25: 103,27
26: 
27: 101,60,25
28: 
29: 30
30: 29
31: 160,161,89,69
32: 112,15
33: 9
34: 
35: 36,53,22
36: 23,35
37: 18,6,22
38: 94,56,76
39: 14,103,99,150
40: 74,24,11
41: 101,60,77
42: 
43: 80
44: 64
45: 100,81,62,128,84
46: 47
47: 46
48: 50,54,51,70
49: 50,138,69,70
50: 48,49,54,69
51: 70,48,71,52,55
52: 73,20,55,51
53: 23,35
54: 112,50,48
55: 52,51,21
56: 122,116,38
57: 125,173,146,123
58: 
59: 11,74,101
60: 101,41,27,14
61: 80
62: 45,100,150,84,152,82
63: 80,81,128
64: 44
65: 133,108
66: 17
67: 186,161,160
68: 72,138,89,142,140,141
69: 138,89,31,50,49
70: 51,48,49
71: 17,51
72: 68,141,115
73: 20,52,91,95
74: 40,59
75: 93,95,92,96
76: 38,120
77: 79,41
78: 98,124,174
79: 77,98
80: 61,43,63
81: 45,100,103,63
82: 152,62,175,153
83: 207,154,155
84: 45,62,152
85: 128,106
86: 110
87: 
88: 142,139,189,163
89: 138,69,31,142,68
90: 191,276,247,219
91: 115,73,95,92
92: 93,75,91,221,194
93: 75,92,145
94: 38,96
95: 75,73,20,91,117,96
96: 117,75,95,94,116
97: 123,172,119,253,225,121,198
98: 78,79,146
99: 102,174,39,124,150
100: 45,81,62,150
101: 60,41,27,59
102: 99,174,125,178
103: 25,39,14,81
104: 151
105: 152,180
106: 85
107: 130
108: 65,185
109: 162,113,160
110: 86
111: 136,185,133
112: 32,54
113: 109
114: 15
115: 91,72
116: 122,56,96
117: 96,20,95
118: 247,166,143,191
119: 253,122,121,97
120: 23,76
121: 146,119,123,97
122: 116,56,145,119,253
123: 97,172,121,146,57
124: 78,99,174
125: 173,57,102,174,178
126: 285,177
127: 176,153,205
128: 85,63,45
129: 
130: 181,107
131: 208,155
132: 242,240,210
133: 65,111
134: 188,159
135: 162,211,137,189,190
136: 111
137: 164,135,190
138: 89,69,49,68
139: 142,88,140
140: 141,139,68
141: 140,72,68,143
142: 88,139,89,68
143: 166,221,118,141
144: 170,249,195,199,224
145: 194,171,93,122
146: 121,123,98,57
147: 257,284,229,255,197,200
148: 251,199,224,196,225
149: 342,232,201,285,315,230
150: 175,39,99,100,62
151: 104
152: 105,82,62,84
153: 175,127,82,205
154: 209,83,262
155: 83,131
156: 182
157: 238
158: 
159: 188,216,134
160: 31,67,161,109
161: 67,31,160
162: 109,135
163: 167,165,190,88,189
164: 137,216,271,245,213
165: 163,167,244,276,247
166: 221,143,118,192,191
167: 163,218,165,244
168: 223,364,252,169,278
169: 252,195,223,168,199
170: 144,249,192,194,171,224
171: 145,194,170,253,224
172: 123,97,226,173,228
173: 125,57,172,228,202
174: 99,102,78,125,124
175: 150,153,82
176: 127,231,205,204
177: 203,285,202,178,126
178: 125,102,177
179: 287,290,235
180: 207,105
181: 130
182: 156
183: 
184: 239,268,270
185: 111,108
186: 67
187: 
188: 216,159,134,241,272,271
189: 88,135,163,190
190: 163,218,135,137,189
191: 192,90,118,166
192: 191,166,221,194,170,249
193: 304,308,219
194: 145,171,221,192,92,170
195: 223,144,249,199,169
196: 251,199,148,337,283
197: 279,312,147,284,313
198: 254,226,225,251,97
199: 148,224,196,144,195,169
200: 257,147,203
201: 232,149,230,256,260
202: 228,173,203,177
203: 285,177,202,200
204: 261,233,256,176,231
205: 153,176,127
206: 236,208,234
207: 180,83
208: 131,234,262,206
209: 154,261,233,235
210: 132
211: 135
212: 238,325
213: 245,215,271,273,164
214: 297
215: 272,271,327,273,213
216: 188,159,271,164
217: 220,244,302,246
218: 167,190,220
219: 308,248,193,90
220: 217,302,389,245,218
221: 166,143,192,92,194
222: 223,308,248,250
223: 195,222,168,248,169
224: 199,148,171,170,144
225: 253,251,148,97,198
226: 254,229,198,172,228
227: 312,338,279
228: 202,172,226,173
229: 254,226,255,147
230: 231,285,201,149
231: 230,176,204,256
232: 342,201,149
233: 261,204,256,235,209
234: 318,262,290,208,236,206
235: 291,233,209,179
236: 206,234,378
237: 380
238: 157,212
239: 268,184
240: 295,132
241: 188,272
242: 132
243: 274,301,303,302,332
244: 217,167,165,276,246
245: 389,213,164,220
246: 304,217,244,302,331,361
247: 276,165,118,90
248: 308,219,249,223,222
249: 170,144,192,248,195
250: 277,308,222,365
251: 148,196,225,254,283,198
252: 337,169,168,278,338
253: 119,225,171,122,97
254: 226,283,229,198,251,255
255: 279,254,283,229,147
256: 204,233,231,201,260
257: 147,284,200,286
258: 317,319,372,316,342
259: 344,320,375,289
260: 291,320,201,256
261: 204,233,209
262: 234,154,208
263: 265,382
264: 322,408,382
265: 263,322,382
800: 741
267: 
268: 269,239,184
269: 268,385,353
270: 299,184,327
271: 272,215,188,216,164,213
272: 215,271,327,241,188
273: 215,300,213,274
274: 243,301,273,389,302
275: 335,305,360,361
276: 247,165,244,90
277: 250,306,307,365
278: 338,280,309,168,364,252
279: 255,197,337,283,227
280: 278,338,309
281: 430,426,368,340
282: 396,371,370,431
283: 254,251,196,337,255,279
284: 257,147,197,313
285: 203,177,126,230,149
286: 315,257,341,373
287: 179,291,288
288: 435,287,379
289: 436,259,375,435
290: 179,318,234,379
291: 260,320,235,287
292: 438,347,407
293: 
294: 
295: 240
296: 297,324
297: 296,214
298: 415,383,357,354
299: 270,386,355
300: 328,273,326,301
301: 243,274,328,300
302: 217,220,389,243,274,331,246
303: 329,358,330,243,332
304: 193,246
305: 331,332,361,275
306: 277,333,307
307: 366,277,306,365,395,424
308: 219,248,193,250,222
309: 278,280,364,395,367
310: 426,367,425,368
311: 314,370,400,346
312: 371,227,197,313
313: 343,197,312,284
314: 343,341,370,311,400
315: 286,373,316,342,149
316: 372,373,315,342,258
317: 319,258,404,345,344
318: 234,290,379,321,378
319: 317,258,344
320: 260,291,259
321: 379,378,318,408
322: 264,408,382,265
323: 411
324: 296
325: 212,385
326: 386,328,300,358
327: 272,215,270
328: 300,326,301,358
329: 303,330,477
330: 303,329,476,448
331: 305,302,246,361
332: 360,477,243,303,305
333: 335,306,366,336
334: 451,391,362,390,363,336
335: 390,333,275
336: 392,363,333,334,366
337: 252,196,283,279
338: 278,280,252,227
801: 700,761,704,745
340: 396,426,281
341: 343,314,286,373
342: 232,149,315,316,258
343: 314,341,370,313
344: 259,317,319,404,375,376
345: 404,403,374,317
346: 374,311,398,399,400,432
347: 409,292,438,348
348: 347,409,438
349: 522,437,406
350: 410,411
351: 438
352: 410
353: 357,269,355
354: 529,384,298,357
355: 386,414,353,299
356: 418,416,476
357: 353,385,298,354
358: 303,328,476,326
359: 362,449,448,477,446
360: 332,477,390,275
361: 331,305,246,275
362: 449,359,390,334,391
363: 392,393,336,334,451
364: 365,168,278,309
365: 364,277,250,307,395
366: 307,333,392,336,424
367: 395,425,309,310
368: 369,425,454,310,426,281
369: 368,454,489,484
370: 343,314,282,311
371: 312,282,396
372: 373,316,400,258
373: 372,316,341,315,286
374: 346,400,403,345
375: 376,259,344,289
376: 375,405,344
377: 
378: 321,318,236,408
379: 321,407,290,288,435,318
380: 237
381: 553,468
382: 264,322,265,263
383: 415,298,443
384: 529,354,415
385: 269,325,357
386: 355,416,299,326
387: 447,388,444
388: 413,387
389: 245,274,220,302
390: 335,360,362,334
391: 334,451,362,449,420
392: 393,363,336,366,424,423,455
393: 392,363,481,422,394
394: 481,393,455
395: 367,424,307,365,309
396: 340,282,371,430,431
397: 427,489,428,488
398: 431,430,490,399,346
399: 490,459,398,346,432
400: 372,314,311,374,346
401: 402,547,515,519,462
402: 492,518,401,515,462
403: 405,404,345,374,465
404: 405,403,345,317,344
405: 404,403,465,376
406: 552,496,349,437
407: 379,435,292
408: 264,322,321,378
409: 524,347,348
410: 350,352
411: 350,323
412: 502
413: 388,529
414: 355,416,529
415: 383,298,443,384
416: 386,414,356
417: 532,641,534,531
418: 447,356
419: 448,530,478,446
420: 508,451,391,422
421: 530,478,507,560
422: 481,453,451,508,420,393
423: 455,425,392,424
424: 395,366,307,392,423
425: 423,454,367,310,368
426: 310,368,340,281
427: 456,516,489,458,397,428
428: 488,461,545,427,397
429: 547,515,457,488,461,459
430: 457,281,396,431,398,490
431: 398,282,396,430
432: 460,399,346
433: 493,437,434,492
434: 493,433,437,552,551
435: 288,289,379,407
436: 289
437: 433,434,349,552,406
438: 292,347,348,351
439: 
440: 
441: 
442: 586
443: 502,415,383
444: 447,387,475
445: 473
446: 479,419,478,449,359
447: 418,387,444,530
448: 419,330,359
449: 362,359,446,391
450: 565,510,480
451: 334,391,420,363,422
452: 511
453: 481,422,508
454: 455,425,368,369,484
455: 423,454,392,394,485,484
456: 427,516,489,484,485
457: 430,488,490,429
458: 573,427,516,544
459: 490,399,515,429
460: 432,463,465
461: 428,488,545,547,429
462: 517,491,577,402,518,401
463: 522,460,492
464: 552,496,523,554
465: 522,460,405,403
466: 554,581,580
467: 555,527,495
468: 469,381
469: 468,470
470: 469
471: 472
472: 471
473: 505,475,445
474: 503
475: 473,444
476: 356,358,330
477: 332,360,329,359
478: 421,419,479,446
479: 509,446,478
480: 564,563,450,483
481: 422,453,394,393
482: 512,516
483: 564,480,567
484: 456,455,454,485,369
485: 455,456,484
486: 568,487,598,542,570
487: 511,541,486,512
488: 428,461,457,397,429
489: 456,427,369,397
490: 399,459,457,430,398
491: 517,462,519,574,520
492: 402,518,463,493,433
493: 433,434,492,518,577
494: 579,632
495: 527,467
496: 406,464
497: 
498: 
499: 582,555,584
500: 
501: 588
502: 443,412
503: 474,615
504: 561,533,506
505: 473,532,533
506: 507,560,504,533
507: 506,560,421,565
508: 420,569,538,422,453
509: 479,510
510: 450,565,509,538
511: 487,541,452
512: 573,482,487,514
513: 562,618,536
514: 542,572,573,512
515: 547,429,459,402,401
516: 456,427,458,573,482
517: 462,491,577,521,520,549
518: 402,492,462,577,493
519: 603,574,547,401,491
520: 521,574,602,705,517,491
521: 520,517,549
522: 463,465,349
523: 551,552,464,554
524: 409,553
525: 550,549,579
526: 578,581,660
527: 495,555,467
528: 
529: 384,354,414,413
530: 421,447,419
531: 534,532,417,690,616
532: 417,505,531,690,533
533: 690,504,505,532,506
534: 531,643,641,587,417
535: 567,569,540,596
536: 595,593,594,513,618
537: 669,619
538: 567,569,510,508
539: 621,649,568,624,598,543
540: 541,569,535
541: 540,511,487
542: 599,570,514,486
543: 675,598,649,539
544: 458,545,575,603
545: 428,461,544,603
546: 571,575,654,628,627
547: 515,429,461,519,401
548: 605,657,682,606,631,550
549: 517,521,525
550: 525,606,605,548
551: 523,434
552: 406,464,437,434,523
553: 381,524
554: 466,581,464,523
555: 467,584,527,582,499
556: 582,637
557: 585
558: 585,666
559: 613,691,665
560: 506,507,421
561: 504,592,563
562: 513,564,563,648
563: 564,480,561,592,562
564: 480,563,562,648,483
565: 450,510,507
566: 648,593,596,624
567: 569,538,535,483
568: 596,624,539,486
569: 567,538,535,508,540
570: 599,542,486,597,598,622
571: 546,575,599,572
572: 514,573,571,575
573: 458,512,516,514,572
574: 519,603,602,491,520
575: 546,571,572,544,627
576: 606,705,631
577: 517,462,518,493
578: 526,632,686
579: 632,525,494,635
580: 466
581: 466,554,526
582: 607,608,637,555,499,556
583: 636
584: 555,499
585: 558,557
586: 442
587: 641,534,643,667
588: 501
589: 670,617,590,669,616
590: 667,642,617,670,589
591: 619,618,695,645
592: 561,620,563
593: 536,595,594,648,566
594: 536,595,593,647,646,650
595: 536,593,594,621
596: 568,624,535,566
597: 675,598,651,570,622
598: 597,543,539,486,570
599: 542,570,601,571,600
600: 676,654,599,601
601: 622,599,676,600
602: 628,627,705,574,520
603: 519,574,545,544,627
604: 656,652,654,628
605: 657,548,550,635
606: 576,631,550,548
607: 582,608,660,637
608: 582,607
609: 634,663,731
610: 686,663,636
611: 688
612: 640
613: 639,666,559
614: 667,642,693,694
615: 641,666,503
616: 669,620,531,617,690,589
617: 643,667,590,616,589
618: 591,619,513,536,647
619: 591,618,537
620: 669,616,690,592
621: 649,539,595,624
622: 601,597,570
623: 699,651,675
624: 596,568,566,621,539
625: 626,678,680
626: 625
627: 602,628,546,575,603
628: 602,627,705,546,604
629: 680,723,676
630: 709,726,655,706,727
631: 727,606,576,548,682
632: 579,494,578
633: 684,657,634
634: 609,633
635: 659,605,579
636: 583,610
637: 660,582,607,556
638: 
639: 613,665
640: 666,612
641: 615,587,417,534
642: 614,590,694,670
643: 534,617,587,667
644: 716,694,692
645: 647,672,591,695,718
646: 647,672,594,673,650
647: 645,646,672,618,594
648: 566,564,562,593
649: 621,539,650,675,543
650: 673,594,646,649
651: 699,623,597,675
652: 676,654,723,683,656,604
653: 720,699,701
654: 652,676,600,546,604
655: 706,683,656,727,630
656: 683,604,652,655
657: 605,548,682,684,633
658: 728,684
659: 635,686
660: 526,607,637
661: 685
662: 
663: 686,610,609,731
664: 
665: 691,753,639,559
666: 640,558,613,615
667: 614,590,587,617,643
668: 691,693,716
669: 620,616,589,537
670: 589,642,590
671: 695,756,735,715
672: 645,647,646,738,718
673: 650,674,646
674: 673,696
675: 597,543,649,623,651
676: 652,600,654,601,629,723
677: 722,789,697,701,698
678: 701,724,625,680,702
679: 706,683,681
680: 629,625,678,702
681: 679,706,726,707
682: 657,548,631,727
683: 656,652,723,679,655
684: 633,709,728,657,658
685: 731,661
686: 610,663,659,578
687: 732,752
688: 611
689: 
690: 533,532,531,620,616
691: 668,665,559,693
692: 644
693: 694,668,691,614
694: 693,614,642,644
695: 756,671,591,645,718
696: 721,738,674
697: 721,722,677
698: 762,789,677,701
699: 623,651,720,653
700: 801,761,704,744
701: 724,678,653,677,698
702: 744,724,678,680
703: 725,707,766
704: 801,700,743,747
705: 602,628,520,576
706: 679,655,681,726,630
707: 730,725,681,726,703
708: 767,731
709: 726,728,630,684
710: 769,767,750
711: 750,732
712: 771
713: 
714: 734
715: 735,671
716: 644,668
717: 770,739,775,757
718: 738,695,755,645,672,737
719: 757,739
720: 653,721,699
721: 696,720,697
722: 789,677,697
723: 629,652,676,683
724: 701,678,702,761
725: 743,707,703
726: 709,728,630,706,681,707,730
727: 631,655,630,682
728: 709,726,730,684,658
729: 748,766
730: 707,726,728
731: 685,609,708,663
732: 711,687
733: 
734: 714
735: 756,671,715
736: 770
737: 770,739,755,718
738: 718,672,696
739: 770,737,717,719,757
740: 
741: 797,800
742: 762,779,745
743: 725,744,704
744: 702,700,743
745: 778,742,779,801
746: 781,763,747,765
747: 704,746,763
748: 729,784,769
749: 765
750: 711,710
751: 784,783
752: 687
753: 665
754: 776,772
755: 756,718,737
756: 695,755,735,671
757: 719,739,717,774
758: 759,760
759: 758,760
760: 758,759,789,779
761: 801,700,724,762
762: 698,742,789,761
763: 781,746,747
764: 782
765: 746,749
766: 729,703
767: 708,710
768: 
769: 710,748
770: 739,737,717,736
771: 712
772: 754
773: 777,775
774: 757
775: 717,773
776: 754
777: 787,773,797,788
778: 745
779: 760,742,745
780: 792,799,781
781: 746,763,780
782: 764
783: 751
784: 751,748
785: 786
786: 785
787: 777,788
788: 797,777,787
789: 722,677,760,762,698
790: 793,792,799
791: 796,795
792: 780,799,790,793
793: 790,792
794: 
795: 791
796: 791
797: 788,741,777
798: 
799: 792,780,790