0: 
1: 
2: 
3: 
4: 
5: 
6: 
7: 
8: 38
9: 27
10: 
11: 40,22
12: 
13: 64
14: 100
15: 71
16: 
17: 18,53,94
18: 17
19: 
20: 68,224,118,166
21: 36
22: 24,11,40
23: 93,103,76
24: 22
25: 
26: 
27: 9
28: 
29: 67,46
30: 183,87
31: 71,161,88
32: 37
33: 
34: 54,112
35: 103,76,101
36: 37,21,38
37: 36,32,38
38: 8,36,37
39: 62,124
40: 11,22,74
41: 97,225,77
42: 60
43: 61,63
44: 58
45: 175,62
46: 69,29
47: 
48: 
49: 162,189,90
50: 113
51: 66,89,221
52: 88,70
53: 91,17
54: 112,34,133
55: 79,143
56: 138,79,253
57: 126,99
58: 44
59: 78,119,225,97
60: 42,174
61: 43,120,64
62: 39,125,175,45
63: 43
64: 13,61,120
65: 
66: 51
67: 29
68: 20,224,72,138,167,96
69: 46,186
70: 52,165,95
71: 31,15,161
72: 244,247,191,68
73: 75,171
74: 40
75: 73,171,79,253
76: 35,103,23,77
77: 225,116,76,41,121
78: 59,123,146
79: 55,56,75,253
80: 100
81: 128,175
82: 207,153
83: 209,290,287
84: 
85: 177,207,126,105
86: 325,271,386
87: 30
88: 161,52,31
89: 51,221
90: 163,115,49,189
91: 53
92: 171,192,170
93: 23,116
94: 17
95: 70,165,140
96: 192,138,68,224
97: 122,41,225,59,119
98: 116,171,170
99: 123,125,172,102,57
100: 14,128,80
101: 150,121,35,124
102: 172,229,123,99
103: 35,76,23
104: 380
105: 85
106: 
107: 
108: 
109: 213,164
110: 158
111: 134,132
112: 54,34
113: 132,134,50
114: 
115: 90
116: 98,93,77
117: 169,145,122
118: 166,148,20,224,248
119: 59,97,194,229
120: 61,64
121: 150,101,225,77
122: 97,145,117,228
123: 99,125,146,78,102
124: 174,150,101,39
125: 123,99,146,62
126: 57,177,85,230
127: 203,200,285
128: 100,81
129: 
130: 
131: 262
132: 241,113,111,134,272
133: 54
134: 111,132,113
135: 162,165
136: 185,240
137: 160,389,159,274
138: 56,167,68,96
139: 247,361,302
140: 95
141: 217,189
142: 217,163
143: 55
144: 169,145,193,251
145: 169,144,117,122,198,228
146: 123,125,78
147: 252,341,198,257,205
148: 118,248,395
149: 202,257,316,315
150: 121,101,124
151: 181,182
152: 317
153: 82,154
154: 204,231,153
155: 230,261
156: 
157: 210
158: 110,211
159: 270,137,160
160: 137,270,159,218
161: 88,31,71
162: 49,165,189,135
163: 90,217,142,189
164: 109,327
165: 162,70,135,95
166: 118,361,191,20
167: 138,244,68
168: 196,250,226
169: 144,145,117,193,192
170: 171,92,98
171: 75,73,92,98,170
172: 102,99,286
173: 200,345,176
174: 124,60
175: 45,62,81
176: 173,345
177: 207,85,126,230
178: 255,257,205,286
179: 320,260,235
180: 317
181: 182,151
182: 181,151
183: 30
184: 303,215
185: 136,240
186: 69
187: 245
188: 242,267,212
189: 162,49,141,90,163
190: 331,389
191: 247,361,72,166
192: 249,96,92,169
193: 169,144,249,248,251,195
194: 198,228,119
195: 251,248,193
196: 254,250,168,246
197: 280,340,369,199
198: 194,228,145,147
199: 279,197,280,283,371
200: 173,285,261,127
201: 346,258,285
202: 149,341,342,257
203: 261,127,230
204: 231,154
205: 257,178,147
206: 380
207: 177,85,82
208: 287
209: 83,321
210: 214,157
211: 158
212: 188,267
213: 109
214: 210
215: 274,328,184,243
216: 327
217: 141,142,163
218: 160
219: 304,223,307,336
220: 223,302,477,364
221: 51,89
222: 246,304,308
223: 220,302,219
224: 68,20,118,96
225: 77,97,41,121,59
226: 342,168,341,279
227: 313,315,343
228: 194,198,145,122
229: 119,102
230: 155,126,203,261,177
231: 204,154
232: 258,315,346
233: 294,262
234: 410
235: 290,179
236: 
237: 
238: 298,354
239: 268
240: 185,136
241: 132,272
242: 188
243: 326,389,215,331
244: 72,167
245: 187
246: 222,395,308,254,196
247: 139,361,191,72
248: 395,118,148,249,193,195
249: 192,248,193
250: 254,196,168,280
251: 195,144,193,252
252: 147,341,251
253: 79,56,75
254: 196,250,246,308,280
255: 178,316,286
256: 291,404,372,260,320
257: 178,205,147,149,202
258: 232,316,201
259: 345,346,405,372
260: 256,320,179
261: 203,200,155,230
262: 131,233
263: 407,264,352
264: 263,407,351,438
265: 470
800: 796,792
267: 188,212
268: 239
269: 
270: 159,160
271: 86,353
272: 132,241
273: 416,386,274
274: 215,273,137
275: 364,307,390,424
276: 334,335,302
277: 449,392,541,393
278: 337,423,365,366
279: 199,490,342,226
280: 197,254,250,199
281: 337,423,309,338
282: 312,367,457,310
283: 312,371,199,490,431,370
284: 311,457,370
285: 200,127,201
286: 255,178,172
287: 379,290,83,208
288: 465,436
289: 375,377,524
290: 235,287,83
291: 256,404,372,405,400
292: 351,436,379
293: 
294: 233
295: 296
296: 295,299
297: 442,384
298: 385,354,238
299: 296,357
300: 301,328,418,332
301: 300,328,326,305,332
302: 220,223,276,477,139
303: 184,387,359
304: 219,222
305: 332,326,301
306: 419,448,332
307: 275,364,424,219,336
308: 366,340,222,246,254
309: 452,425,337,281
310: 457,430,484,282
311: 284,571,314
312: 283,371,282,367,370
313: 227,431,373
314: 398,311,571,460
315: 232,149,227,343
316: 255,149,258
317: 180,152
318: 466,467,468,554
319: 376,400,464,404,465
320: 179,256,404,260
321: 209,378
322: 
323: 
324: 
325: 86
326: 243,301,305
327: 216,164
328: 215,301,300
329: 448,418,478
330: 387,415
331: 190,243,360,334
332: 305,451,301,300,448,306
333: 449,420,391,393
334: 276,360,331,335
335: 276,334
336: 307,219
337: 281,423,278,365,425,309
338: 484,368,281
801: 741,781
340: 308,423,197
341: 252,147,226,202
342: 226,279,202
343: 227,315
344: 405,403
345: 259,173,176
346: 259,201,232
347: 464
348: 555
349: 551,433
350: 
351: 292,407,264,438
352: 263
353: 386,271,416
354: 298,385,238
355: 383
356: 529
357: 299
358: 387,416
359: 303,418
360: 334,331
361: 247,139,191,166
362: 596,509,624,483,392
363: 449,419,446
364: 275,307,390,477,220
365: 425,391,337,278
366: 308,278
367: 369,312,371,282
368: 484,338,511,458
369: 367,197,371
370: 373,283,312,431,284
371: 283,312,367,369,199
372: 256,291,259,405
373: 370,313,460
374: 460,403
375: 492,377,463,289
376: 400,464,319,492
377: 463,381,375,289
378: 321
379: 287,436,292
380: 104,206
381: 377,433,525,527,581
382: 
383: 500,355
384: 442,297
385: 298,354
386: 353,86,273,416
387: 358,330,303
388: 417,413,613,471,560
389: 137,190,243
390: 477,275,364
391: 365,425,333
392: 541,446,483,277,362
393: 426,449,333,277
394: 541,453,516
395: 248,148,246
396: 403,432
397: 458,489,454
398: 314,399,571,401
399: 398,515
400: 376,319,291,404
401: 547,571,493,398
402: 519,437
403: 374,396,344
404: 256,291,400,319,320,465
405: 344,259,291,372
406: 515,522,463
407: 263,264,351
408: 
409: 468,496
410: 234
411: 
412: 666,639,501
413: 613,471,388
414: 445
415: 447,330,473
416: 273,353,386,358
417: 388,560
418: 329,359,478,300
419: 306,451,420,363
420: 419,449,333
421: 533,473,478
422: 446,448,510
423: 337,281,278,340
424: 275,307
425: 365,391,426,337,309
426: 393,425
427: 575,429,545,489
428: 461,459,575,429
429: 427,575,459,428,603
430: 457,310,575,545
431: 313,490,283,370
432: 396,515,522
433: 349,381,525
434: 709,577,682,550
435: 
436: 288,465,379,292
437: 577,659,518,402
438: 351,468,264
439: 467
440: 
441: 
442: 384,297
443: 
444: 471,447
445: 475,620,414,533
446: 422,363,392
447: 415,560,444
448: 329,332,306,422
449: 363,333,277,420,393
450: 649,506,595,564
451: 332,419
452: 511,309,485
453: 538,624,394,516
454: 511,455,458,397
455: 454,516
456: 656,628,598
457: 430,310,282,284
458: 397,454,368,545
459: 428,429,517,603
460: 374,373,314
461: 428,493,571
462: 602,652,520,574,521
463: 377,406,375
464: 376,319,465,347
465: 288,404,464,319,436
466: 318,467,499
467: 318,466,439,553
468: 409,554,438,318
469: 524,527,523
470: 497,265
471: 560,444,413,388
472: 
473: 533,421,415
474: 588,558
475: 620,563,445,533,565
476: 
477: 390,220,302,364
478: 421,418,329
479: 483,510,540
480: 594,669,504,619,561
481: 562,592,675,621
482: 486
483: 479,540,392,509,362
484: 368,338,310
485: 516,511,452
486: 600,508,512,482
487: 735,623,567,669
488: 519,573,517
489: 397,656,427
490: 279,283,431
491: 521,552,520
492: 375,522,376
493: 461,401
494: 605,550,610
495: 
496: 524,409
497: 470
498: 637
499: 466
500: 383
501: 503,412
502: 
503: 501,534
504: 531,532,480,594
505: 530,510
506: 532,567,530,594,450,564
507: 510,565
508: 600,486,570,543
509: 596,362,483,649,540,648
510: 507,505,479,422
511: 452,485,454,368
512: 538,535,600,486
513: 645,618,755
514: 572
515: 406,522,399,432
516: 485,394,453,455
517: 552,603,459,488
518: 437,577,521,579
519: 573,488,402
520: 604,491,462
521: 491,602,462,518
522: 406,515,432,492
523: 635,581,469,527,580
524: 469,527,496,289
525: 632,607,433,381,581
526: 608,578,635
527: 524,469,381,523,581
528: 
529: 356
530: 505,563,506
531: 534,504,620,563,532
532: 506,563,531,504,594
533: 421,473,475,445,565
534: 531,503
535: 568,512,600
536: 695,735,592,562
537: 691,735,690
538: 453,512
539: 570,646
540: 649,479,483,509
541: 392,277,394
542: 566,593,621
543: 508,570
544: 552,603,628
545: 427,575,458,430
546: 627,655
547: 401,573,551
548: 606,706,705,657
549: 652,606,655,679
550: 610,659,434,494
551: 547,573,349
552: 517,603,544,491
553: 467
554: 468,318
555: 348
556: 
557: 613
558: 643,474
559: 615,667,756
560: 471,417,388,447
561: 691,619,480,669
562: 481,536,647,675
563: 475,620,531,530,532
564: 595,506,567,450
565: 507,533,475
566: 542,593,592,623
567: 506,594,564,487
568: 535,593
569: 648,595,623
570: 673,646,539,600,508,543
571: 311,461,398,314,401
572: 514,598
573: 519,488,547,551
574: 627,655,652,462
575: 427,429,545,430,428
576: 727,631,726,661
577: 437,659,518,579,434
578: 608,526
579: 602,577,518
580: 523
581: 635,523,381,525,632,527
582: 584
583: 
584: 608,636,582
585: 
586: 
587: 
588: 474
589: 667,619,617
590: 718,642,691,617
591: 718,645
592: 566,735,536,481
593: 542,566,568
594: 480,504,532,506,567
595: 564,649,450,569,648
596: 509,362,624,648
597: 721,699,676,674,625
598: 628,572,456
599: 626,629
600: 508,486,535,512,570
601: 622,625,673,646
602: 652,462,521,579
603: 517,552,544,429,628,459
604: 520,680,627
605: 494
606: 549,548,729
607: 525,632
608: 578,526,584,636
609: 684,703,661
610: 550,494
611: 
612: 
613: 557,413,388
614: 670
615: 559,616
616: 615
617: 691,619,589,590
618: 696,513,755
619: 589,480,561,617
620: 475,563,445,531
621: 653,675,542,481
622: 601,625,673,701,626
623: 487,735,569,566
624: 596,362,453
625: 601,622,676,597,721
626: 701,673,622,599
627: 574,546,680,604
628: 598,456,603,544
629: 599,744
630: 725,730,763
631: 793,700,576
632: 525,607,635,581
633: 684,703
634: 660,684
635: 523,581,632,526
636: 663,608,584
637: 498,688
638: 752
639: 666,412
640: 668
641: 667
642: 670,756,590
643: 558,666
644: 
645: 690,513,591
646: 673,570,539,653,601
647: 562,675,722
648: 569,649,595,596,509
649: 540,450,595,509,648
650: 697,719,674
651: 739,699
652: 602,462,549,574,655
653: 621,646
654: 702,744,677,683
655: 574,546,652,549,679
656: 489,456
657: 729,548,706,727
658: 766,749
659: 437,577,550
660: 634,709
661: 726,576,609,710
662: 
663: 636
664: 
665: 
666: 639,412,643
667: 589,559,641
668: 640
669: 480,561,487,735
670: 642,756,614
671: 737,692
672: 692,797
673: 570,646,601,622,626
674: 722,650,597
675: 676,621,562,481,647,722
676: 675,722,625,597
677: 698,701,654
678: 698,721,699,701
679: 655,728,549,705
680: 604,627
681: 
682: 729,709,434
683: 654,723,743
684: 609,703,634,633
685: 686
686: 685
687: 
688: 637
689: 753
690: 645,537,695
691: 561,617,590,537
692: 671,737,672
693: 
694: 716
695: 536,690
696: 618,719,755
697: 650,757,739
698: 678,677,765,789
699: 597,721,651,678
700: 793,631,726,707
701: 626,622,678,677
702: 789,654,704,743
703: 609,684,731,633
704: 762,702,789
705: 706,728,747,548,679
706: 705,548,657,727
707: 782,700
708: 750,748
709: 434,682,660
710: 784,731,661
711: 
712: 715,717,736
713: 
714: 
715: 770,712
716: 734,694
717: 770,712
718: 590,591
719: 696,797,650
720: 742,739,724,760
721: 597,699,625,678
722: 674,647,675,676
723: 728,683,747,743
724: 765,720,761,760
725: 630,766
726: 661,700,576
727: 576,706,657
728: 723,747,679,705
729: 657,606,682
730: 763,630
731: 710,784,703
732: 
733: 754,736
734: 716
735: 487,623,669,537,536,592
736: 733,712
737: 671,692,770
738: 757,775
739: 651,697,757,720
740: 786
741: 745,801,781
742: 720,757,758
743: 747,683,702,723
744: 629,654
745: 777,741
746: 780,763,779,783
747: 743,723,728,705
748: 708
749: 799,658
750: 708
751: 769
752: 638
753: 689
754: 733
755: 513,618,696
756: 670,642,559
757: 738,697,739,742
758: 742,777
759: 772
760: 720,724,777
761: 724,765
762: 704
763: 780,746,730,630
764: 794
765: 724,698,761,789
766: 725,782,658
767: 
768: 
769: 751
770: 715,717,737,774
771: 785
772: 759,798
773: 776
774: 770
775: 738
776: 773
777: 745,758,760
778: 799
779: 780,746
780: 763,779,746
781: 741,801
782: 707,766
783: 746
784: 710,731
785: 771
786: 740
787: 
788: 
789: 702,698,765,704
790: 
791: 
792: 800
793: 700,631
794: 764
795: 
796: 800
797: 672,719
798: 772
799: 778,749