0: 
1: 
2: 
3: 
4: 
5: 
6: 10
7: 24
8: 9,10
9: 8,10
10: 9,8,6
11: 22,74,23,40
12: 
13: 
14: 101,59,103
15: 
16: 
17: 94
18: 75,38
19: 
20: 93,96,117,221
21: 48
22: 35,53,11
23: 41,74,53,11
24: 7
25: 85,60,43
26: 64
27: 61
28: 
29: 
30: 65,46,133
31: 88
32: 54,66
33: 
34: 
35: 22,53
36: 
37: 94
38: 53,120,18
39: 124,99
40: 11,74,101
41: 74,23,120
42: 103,101
43: 60,25
44: 61
45: 104
46: 30,65,133
47: 
48: 21
49: 69,89,70,138
50: 67,161,112,89
51: 52,143,96,140
52: 70,95,143,138,51
53: 38,22,35,23
54: 32
55: 
56: 194,171,93,116
57: 146,77,78,99
58: 
59: 78,174,14
60: 43,25,85
61: 27,44
62: 150,175
63: 128,80
64: 26
65: 30,46
66: 32
67: 50,161
68: 115,91,166,118,92
69: 88,49,142,95,165
70: 52,71,49,138
71: 70
72: 95,165,140
73: 
74: 41,23,11,40
75: 116,18
76: 174,98,79
77: 119,174,57
78: 59,174,57,99
79: 116,120,76,98
80: 63
81: 100,175
82: 84
83: 379,231,154,155,262
84: 106,82
85: 25,60,100
86: 183,210
87: 
88: 69,31,189,142
89: 50,112,49
90: 191,118
91: 96,140,68,92
92: 221,148,192,91,68
93: 20,117,116,56,171
94: 37,17
95: 72,143,138,69,52
96: 91,140,51,117,20
97: 225,229,123,226
98: 76,79,116,194,121
99: 124,39,78,57
100: 175,85,81
101: 14,40,42
102: 203,127
103: 42,14,124
104: 45,151
105: 152,153
106: 84
107: 
108: 
109: 211
110: 111
111: 136,187,110
112: 50,89
113: 134,216,211
114: 
115: 68,118
116: 79,75,93,56,194,98
117: 96,93,20
118: 249,166,115,90,68
119: 121,77,122
120: 38,79,41
121: 119,194,122,98
122: 194,253,119,121
123: 173,226,97
124: 39,99,103
125: 172,150
126: 177,176,256
127: 230,102
128: 63
129: 
130: 
131: 236
132: 242
133: 30,46,186
134: 113,187,211
135: 189,159,163
136: 160,111,185
137: 159,245,139,190
138: 95,49,52,70
139: 244,247,137,159,163,190
140: 96,91,72,143,51
141: 163,142,167,189,247,165
142: 141,189,88,69,165
143: 95,52,51,140
144: 145,251,148,170,254
145: 144,224,253,251,148
146: 57,173
147: 341,197,229,228,283
148: 92,221,192,145,144,224
149: 372,315,258
150: 62,153,125
151: 104
152: 105,207,180
153: 150,230,105
154: 204,83,155
155: 154,83,262
156: 182
157: 
158: 
159: 137,216,213,135,139
160: 136
161: 67,50
162: 211
163: 141,135,189,247,139
164: 213,270,327
165: 69,142,141,72
166: 249,118,68,192
167: 141,247,191
168: 338,278,423,309,280
169: 223,250,196,337
170: 248,192,144,254,195
171: 56,93,221,224,253
172: 173,125,205
173: 123,146,172,205
174: 76,77,78,59
175: 100,62,81
176: 207,126,261,256
177: 201,126,285,203
178: 255,228,226,200
179: 259,435
180: 204,152
181: 
182: 156
183: 240,86
184: 271,299,386,416
185: 136
186: 133
187: 111,211,134
188: 242,272,241
189: 135,88,163,142,141
190: 220,137,217,244,139
191: 90,276,167,244,247
192: 92,148,166,170,248
193: 308,246,249,219
194: 56,122,116,98,121
195: 254,170,248,199,196
196: 199,337,169,195,338
197: 341,252,279,147,227,283
198: 254,199,225,279
199: 196,198,254,195,279
200: 202,203,255,178
201: 177,285
202: 203,200,315,285
203: 202,200,102,177,285
204: 154,180,207,261
205: 173,172
206: 293
207: 176,152,261,256,204
208: 287,380,378
209: 233
210: 86
211: 109,187,134,113,162
212: 214
213: 164,327,159
214: 212,269
215: 245,327,273,389
216: 113,159
217: 245,243,220,190
218: 220,243,331,390,361
219: 249,193,248,223
220: 218,190,217,302
221: 92,148,20,171,224
222: 365,304,308
223: 169,219,248
224: 145,253,221,148,171
225: 229,251,198,97
226: 123,97,229,228,178
227: 371,341,197,252
228: 178,229,147,226
229: 225,97,147,226,228
230: 127,153
231: 83,379,261,235
232: 291,317,320,259,260
233: 407,287,209
234: 380,378,382,263
235: 291,320,379,231
236: 131,380
237: 
238: 296
239: 385,357
240: 183
241: 188
242: 188,132
243: 274,389,217,218,331
244: 247,139,190,191,276
245: 215,217,327,137
246: 249,193,308
247: 244,139,163,167,141,191
248: 170,219,192,223,195
249: 166,118,219,246,193
250: 395,278,169,337
251: 145,144,254,225
252: 197,279,338,227
253: 145,224,122,171
254: 198,195,170,144,251,199
255: 178,257,200
256: 261,126,207,176
257: 286,283,255,316
258: 315,342,149,372,345,400
259: 260,232,320,179
260: 259,319,232
261: 256,207,176,204,231
262: 83,155
263: 234
264: 322
265: 352
800: 796
267: 
268: 325,295
269: 214,295
270: 327,273,271,164
271: 184,270
272: 188
273: 270,327,389,215
274: 243,300,301,389
275: 305,306
276: 191,244,302
277: 364,333,306
278: 250,395,337,168,423
279: 197,252,198,199
280: 371,312,168,309,340
281: 424,366,423,368
282: 396,459,430
283: 257,341,197,147,284
284: 373,341,371,286,283
285: 177,201,202,203,315
286: 257,284,316,342,314
287: 407,233,318,208,378
288: 347,375,289
289: 375,409,288
290: 320,379
291: 232,317,320,235
292: 407,347
293: 206,382
294: 
295: 269,268
296: 238
297: 
298: 355
299: 184,325,386
300: 326,301,389,274
301: 300,326,274,328
302: 220,361,276
303: 330,476,387,358
304: 222,308
305: 275,390
306: 275,277
307: 366,364
308: 193,246,304,222
309: 423,168,280,367,340
310: 457,369,396,367
311: 431,459,398,374,343
312: 371,280,340,490
313: 373,370,314
314: 286,313,342
315: 316,342,202,258,285,149
316: 315,342,257,286
317: 232,291,372
318: 407,287,321
319: 345,405,260
320: 232,291,235,259,379,290
321: 408,318
322: 264,411
323: 
324: 472
325: 268,386,299
326: 300,301,416
327: 270,273,164,213,215,245
328: 359,448,301,332
329: 359,448,419
330: 303,358
331: 390,243,332,218
332: 328,359,331,390,360
333: 334,277,393
334: 333,335,477,451
335: 360,334
336: 362,363,425,394
337: 196,169,250,278,338
338: 168,196,337,252
801: 742,779,741,761
340: 396,367,309,280,312
341: 197,147,371,227,283,284
342: 315,316,286,314,258
343: 374,346,311
344: 463,349,433,432,465,522
345: 405,319,400,258,372
346: 374,343,405,400,403
347: 288,292,438
348: 524
349: 344,433,552,522,377
350: 411
351: 469,468,408
352: 265
353: 476,357,355,416
354: 415,413,414
355: 298,357,353
356: 414,444,387
357: 239,355,353
358: 387,303,330
359: 328,448,332,329,360
360: 335,332,359,390
361: 390,218,302
362: 393,336,391,363
363: 508,362,336,394
364: 277,365,424,307
365: 222,364,395
366: 424,307,281,425,426
367: 396,340,368,309,310
368: 281,426,367
369: 454,484,457,310,545
370: 431,490,373,313
371: 280,312,227,341,373,284
372: 149,258,345,317
373: 313,284,371,370
374: 346,343,311,460,403
375: 436,404,288,289
376: 436,404,465
377: 522,409,349,523,496
378: 208,287,234
379: 83,231,235,320,290
380: 234,208,236,382
381: 438
382: 234,380,293
383: 385
384: 
385: 383,239
386: 325,299,184,416
387: 358,356,444,303
388: 444,473
389: 300,273,215,274,243
390: 331,361,332,218,360,305
391: 451,420,362,393
392: 452,511,394,455
393: 362,333,391,451
394: 425,336,363,392
395: 250,278,365
396: 367,340,490,282,310
397: 489,484,456,545,427
398: 459,311,460,399,515
399: 460,515,432,398,492
400: 345,405,258,346
401: 402,547,519,518,491
402: 401,492,518,577,493,551
403: 465,374,346,463
404: 436,375,376,435
405: 345,319,400,346
406: 494,437,523
407: 233,287,318,292
408: 321,468,351
409: 522,377,436,289
410: 
411: 322,350
412: 500,557
413: 354,502
414: 356,354,415,529
415: 354,414
416: 386,184,353,326
417: 503,643,616
418: 447,530
419: 329,446,478
420: 449,391
421: 507,478,510,479
422: 508
423: 309,278,424,281,168
424: 366,281,364,423
425: 426,394,336,366
426: 425,366,368,454,455
427: 458,397,456,572,575
428: 461,488,429,458
429: 457,545,458,430,488,428
430: 459,429,282,488
431: 370,311,490
432: 460,399,492,344,463,433
433: 344,349,432,493,552
434: 437,549,494
435: 404,179
436: 404,375,376,409
437: 434,551,406,494
438: 347,381
439: 
440: 
441: 499,584
442: 
443: 471,502
444: 388,356,387
445: 560,503
446: 477,419
447: 473,507,418,532
448: 328,359,329
449: 510,420,509
450: 565,510,509,538,483
451: 391,477,334,393
452: 392,511,453,485
453: 485,481,452,511
454: 369,426,484,455
455: 489,484,426,392,454
456: 482,397,427,572
457: 429,310,369,545
458: 545,427,429,428
459: 430,398,282,311
460: 399,432,398,374,463
461: 519,488,428,515,547
462: 517,574,520
463: 344,460,432,465,403
464: 580,496
465: 403,344,463,376
466: 580,581
467: 555,470
468: 408,351,469
469: 351,468
470: 467
471: 443
472: 324
473: 447,388,475
474: 615,501
475: 473,505,532
476: 353,529,303
477: 446,334,451
478: 419,421
479: 565,421,507,506,510
480: 563,564,504,648,561
481: 541,487,453
482: 456,516,485,489
483: 540,565,450,564,567
484: 489,397,455,369,454,545
485: 453,452,482,516
486: 514,598,546,600
487: 568,481,596,570
488: 461,428,429,430
489: 397,484,455,482
490: 396,312,431,370
491: 518,519,544,517,401
492: 402,547,399,515,432
493: 552,402,433,551
494: 406,437,434,579
495: 555,582
496: 580,377,523,464
497: 
498: 
499: 441,584,556
500: 412,557,585
501: 615,474,666
502: 443,413
503: 417,445,643,505
504: 620,563,480,561
505: 643,503,475,533
506: 507,565,479,563
507: 421,447,506,479
508: 363,422,541,511
509: 510,449,450,538
510: 449,421,565,450,479,509
511: 452,392,508,541,453
512: 570,516,598
513: 592,619,650
514: 598,486,546
515: 399,398,461,492,547
516: 482,485,512
517: 544,603,574,462,491
518: 577,491,402,401
519: 461,544,401,547,491
520: 521,602,574,462,657
521: 520,549,606
522: 377,409,344,349
523: 552,377,406,496
524: 348,527,553
525: 549,550,632
526: 582,527,578
527: 582,526,524
528: 
529: 476,414
530: 418
531: 690,620,641,667,533,669
532: 447,475
533: 641,505,531
534: 613,668,587,616
535: 567,621,540,596,566
536: 650,674,646,595,623
537: 669,590,690,592
538: 540,450,509,569
539: 543,624,649,570
540: 538,483,535,567,569,596
541: 481,569,508,511
542: 570,598
543: 539,649,622,597
544: 603,571,517,519,491
545: 458,369,397,484,457,429
546: 604,573,514,486,600
547: 401,492,461,519,515
548: 576,657,606
549: 525,521,434
550: 606,525,632,659
551: 437,402,577,493
552: 493,349,433,523
553: 524
554: 581
555: 495,467
556: 499,584
557: 500,412,585,588
558: 665,613
559: 589,668,667,587
560: 445
561: 562,648,504,690,620,480
562: 648,561,592,594
563: 480,506,504,565
564: 480,648,483,567
565: 450,479,506,510,563,483
566: 568,535,621,673,624
567: 535,564,483,540
568: 487,566,624,570
569: 541,596,538,540
570: 542,512,487,568,539
571: 544,603,575
572: 575,456,427,573
573: 546,604,572
574: 602,627,603,517,462,520
575: 572,427,571
576: 548,705,652,683
577: 518,402,551
578: 582,526
579: 494
580: 466,496,464
581: 554,466
582: 526,527,495,578
583: 685
584: 499,441,556
585: 666,500,557
586: 
587: 667,616,534,668,559,589
588: 557
589: 559,667,587
590: 669,537,691,670,591
591: 671,670,590,619
592: 513,690,537,562
593: 594,648,621
594: 595,593,562
595: 673,594,536,623
596: 569,540,535,487
597: 653,543,601,622
598: 514,486,542,512
599: 600,656,654,676
600: 599,656,486,546
601: 675,696,597,651
602: 574,627,705,628,520,657
603: 544,571,517,574,627
604: 546,573
605: 659,632,635
606: 550,521,548
607: 635,686
608: 660
609: 633,708,685
610: 663,634,636
611: 688
612: 639,689
613: 534,615,558
614: 753,617
615: 501,474,613
616: 587,417,534,643
617: 642,614,691
618: 645,695,650,647
619: 513,671,591,645
620: 690,531,504,561
621: 535,593,673,566
622: 543,653,597
623: 675,595,536,646,649
624: 539,649,673,568,566
625: 680,653,701
626: 676
627: 602,574,603,628
628: 705,656,602,627
629: 743,702,676,680,654
630: 706,707,727,726
631: 682,709,727,683
632: 525,550,605,659
633: 634,609,684,708
634: 633,610,636
635: 605,607
636: 685,634,663,610
637: 
638: 
639: 612
640: 753
641: 667,533,531
642: 617
643: 505,417,503,616
644: 735,694
645: 618,695,671,619
646: 536,674,675,623,696
647: 672,618,674,719
648: 562,561,480,564,593
649: 543,539,624,673,623
650: 536,513,618
651: 699,701,721,601,739
652: 679,705,723,576
653: 597,622,625
654: 599,656,629,676,723
655: 679,743,681,744
656: 600,599,654,628
657: 548,602,705,520
658: 726
659: 605,550,632
660: 663,686,608
661: 710,748
662: 
663: 610,660,686,636
664: 
665: 558
666: 585,501
667: 587,641,559,589,531
668: 534,587,559
669: 590,537,690,531
670: 591,691,590
671: 715,591,619,645
672: 647,718,719,738
673: 595,621,566,624,649
674: 536,646,647,696,719
675: 601,623,696,646
676: 629,626,680,599,654
677: 698,789,763
678: 762,702,724,744
679: 655,652,681,728
680: 625,629,702,676
681: 744,679,655,728,706
682: 709,684,631
683: 728,576,631
684: 682,709,633
685: 636,609,583
686: 663,660,607
687: 
688: 611
689: 612
690: 531,620,669,537,561,592
691: 617,590,670
692: 733,770
693: 
694: 644,736
695: 645,618,718
696: 675,601,674,646,719,739
697: 758,760,722,757
698: 677,789,761,758
699: 701,721,651,720
700: 747,725,707,730
701: 699,651,625,720
702: 629,743,680,678
703: 766,730
704: 763,724,765
705: 628,602,652,576,657
706: 630,707,681,728,727
707: 706,630,700,730
708: 731,729,633,609
709: 682,684,631,727,729
710: 731,661
711: 732
712: 
713: 
714: 
715: 671,735,756
716: 
717: 736,770
718: 755,695,737,672
719: 739,674,647,672,696
720: 699,701,789
721: 699,651,739,722
722: 757,721,697
723: 654,652
724: 704,763,678,762,747,765
725: 793,700,766,730
726: 729,658,727,630
727: 706,630,709,631,726
728: 683,679,681,706
729: 726,709,708,731
730: 703,766,700,725,707
731: 708,710,729
732: 711
733: 754,770,692
734: 
735: 644,715
736: 717,694
737: 718
738: 672
739: 719,696,721,651
740: 787,798
741: 779,801
742: 801,796
743: 629,702,655
744: 681,747,678,655
745: 761
746: 
747: 700,744,724
748: 750,767,661
749: 799,783
750: 748
751: 
752: 
753: 614,640
754: 733
755: 718,775
756: 715
757: 722,774,760,697,759
758: 760,697,698,789
759: 779,757,774,760
760: 758,697,757,759,779
761: 698,801,763,745
762: 678,724
763: 704,724,677,761
764: 
765: 793,704,724
766: 703,730,725
767: 769,748
768: 
769: 767
770: 733,692,717,772
771: 
772: 770
773: 774
774: 773,757,759
775: 755
776: 777
777: 776,797
778: 
779: 759,741,760,801
780: 782
781: 
782: 780,799
783: 749,799
784: 
785: 786,798
786: 785
787: 740,788
788: 787
789: 677,698,758,720
790: 796
791: 795
792: 
793: 765,725
794: 799
795: 791
796: 800,742,790
797: 777
798: 785,740
799: 749,782,794,783