0: 
1: 
2: 
3: 
4: 
5: 15
6: 91,18
7: 8,19,9
8: 7,9
9: 7,8
10: 74,53,23
11: 13,23,58,25
12: 
13: 11,24
14: 81,60,61,27
15: 31,5
16: 
17: 51,32
18: 34,6,21
19: 22,7
20: 71,35,73
21: 34,18
22: 19,33
23: 40,10,11
24: 13
25: 42,11,58
26: 27,42,39
27: 61,26,39,14
28: 
29: 
30: 112
31: 15
32: 17
33: 22,37
34: 21,18
35: 55,73,20,74
36: 76,56,38
37: 33,53
38: 55,95,36,94
39: 60,27,26
40: 23
41: 99,78
42: 25,26
43: 
44: 
45: 128,82,63,80,62
46: 49
47: 112
48: 50,54
49: 161,46,114
50: 54,91,48,51
51: 17,50
52: 55,73,75,95
53: 74,10,37
54: 50,91,48,70
55: 35,38,73,52,95
56: 36,96,94,97
57: 121,77,78,97,146,123
58: 101,11,25
59: 98,78
60: 39,14
61: 27,14,103
62: 152,82,45
63: 80,45
64: 105
65: 
66: 
67: 109,161
68: 141,70,69,115,166
69: 70,68
70: 69,54,68,72,115
71: 91,20,73
72: 115,143,75,70
73: 35,55,52,71,20
74: 10,53,35
75: 72,143,52
76: 36,79
77: 57,78,97,98
78: 77,57,98,59,99,41
79: 98,76,101
80: 63,81,45
81: 14,80
82: 128,45,62
83: 130
84: 129
85: 129
86: 111,113
87: 
88: 140,89,137,138
89: 160,161,88
90: 218,190,165,163,141,191
91: 50,54,6,71
92: 142,166,118,115,143,93
93: 145,119,92,118,117
94: 96,97,38,95,116,56
95: 117,55,38,52,94
96: 94,97,116,56,120,122,121
97: 96,94,56,121,77,57
98: 79,77,78,59
99: 41,78,123,174,125
100: 102,124,128
101: 58,79
102: 100,124,125,150
103: 61
104: 152
105: 64
106: 
107: 156
108: 183
109: 136,67
110: 183,158,133
111: 86,133
112: 47,30
113: 86
114: 139,49
115: 72,143,70,68,92,166
116: 117,119,96,94,120
117: 95,116,143,93
118: 92,142,192,145,93,221
119: 145,93,116,120,171
120: 122,171,116,119,96
121: 57,96,97,122,146
122: 198,120,96,121
123: 173,172,57,146,99
124: 102,100,125
125: 102,124,99,174,150
126: 150,175,177,203
127: 178,152,207
128: 82,45,100
129: 85,84
130: 83
131: 155,181,206,182
132: 185
133: 110,111
134: 159,211,186,136
135: 162,271,187
136: 109,187,134
137: 162,88,189,138
138: 164,189,163,137,88,165
139: 114,140
140: 88,165,139
141: 68,191,165,90,166
142: 92,166,118,191,192
143: 72,115,75,92,117
144: 224,170,221,194,195
145: 119,93,118,170,221
146: 226,121,57,123
147: 229,149,148,172,202
148: 253,254,147,283
149: 147,229,283,228
150: 126,175,102,125
151: 207,209,152
152: 62,127,151,104
153: 204,205,176,207
154: 235,208,290,206
155: 181,180,131
156: 107,181
157: 238,158
158: 110,157
159: 211,134,215
160: 89,187,161
161: 49,67,89,160
162: 137,135,188,189,216
163: 164,189,138,165,218,90
164: 189,163,138,245,218,217
165: 140,163,138,141,90
166: 92,142,141,68,191,115
167: 248,247,220,219,249
168: 195,169,308,223,222
169: 168,223,224,196
170: 144,224,221,145,171
171: 120,119,170,225
172: 173,123,202,226,147
173: 172,123,202,174,175
174: 173,99,125,175
175: 150,126,173,202,174,203
176: 230,231,177,178,153
177: 126,178,176
178: 127,177,176
179: 291,287,318,259
180: 209,235,233,155
181: 155,131,156
182: 131,206,236
183: 110,108
184: 241,239,212,327,268
185: 186,132
186: 185,211,134
187: 136,160,135
188: 243,213,162,271,216,274
189: 164,216,163,138,137,162
190: 247,218,90,191,219
191: 141,190,90,142,166,219
192: 219,249,194,142,118,221
193: 220,276,304,248
194: 192,249,144,221,195
195: 168,308,249,194,144
196: 169,223
197: 253,199,254,251
198: 122,225,199
199: 225,198,197,253
200: 284,343,285,286
201: 228,203,229,257,230
202: 173,172,147,229,175,203
203: 201,202,229,126,175
204: 261,153,205,207,209,233
205: 204,261,153,231
206: 131,154,182,236
207: 151,209,127,204,153
208: 235,233,291,290,154
209: 151,207,204,180,233
210: 239,214,238
211: 159,134,186,240
212: 239,184,268
213: 243,188,215,271
214: 238,210
215: 242,159,271,213
216: 189,162,188,245,274
217: 220,246,164,245,247,218
218: 247,190,90,164,163,217
219: 192,249,191,190,167
220: 217,276,246,193,247,167
221: 144,170,118,192,194,145
222: 250,279,168,308,223,337
223: 168,169,222,196,337
224: 144,170,169,225
225: 199,224,198,171
226: 146,253,172
227: 255,312,284,313
228: 201,229,149,257
229: 147,149,202,201,228,203
230: 231,176,201,257
231: 230,176,232,205
232: 258,316,231,260
233: 235,208,209,204,180
234: 262,263
235: 233,208,180,154
236: 264,206,182
237: 
238: 157,267,214,210
239: 210,212,184
240: 241,211,242
241: 184,240,327,242
242: 215,241,240
243: 188,213,389,300,274,273
244: 274,302,273,246,275
245: 274,164,216,217,246
246: 217,220,276,245,244,275
247: 218,190,217,220,167
248: 167,193,249,308
249: 192,219,194,248,167,195
250: 278,279,222,307,308
251: 255,254,252,197
252: 280,337,255,251,312
253: 197,148,199,226,254
254: 255,251,197,253,148,283
255: 227,254,251,252
256: 285,257,315,286,258
257: 256,285,201,228,230
258: 232,316,256
259: 378,347,179,287,318
260: 232,261
261: 204,205,291,260
262: 234,322,321
263: 293,234,292,380
264: 236,293
265: 
800: 
267: 238
268: 327,269,212,298,184
269: 327,268,298,357
270: 299,272,328,300,301
271: 135,215,188,213
272: 299,270,300
273: 302,243,389,274,244
274: 245,244,243,188,216,273
275: 361,244,302,276,246
276: 220,246,193,275,304
277: 333,366,307,335,365
278: 250,279,309,307,365
279: 250,278,309,222,337
280: 337,282,252,338,312
281: 368,371,282,310
282: 280,338,312,281
283: 148,254,149
284: 200,227,343,313
285: 256,257,200,286
286: 372,315,200,343,256,285
287: 379,288,320,179,259
288: 379,287,320,344,319
289: 435,375,379
290: 318,321,208,154
291: 179,261,208
292: 409,263,380
293: 263,264,380
294: 
295: 297
296: 298,297,385
297: 295,383,296
298: 296,385,269,268
299: 270,272,327
300: 389,301,270,272,243
301: 389,300,270,328,419
302: 330,273,389,244,332,275
303: 332,359,449,358,330
304: 276,193,306
305: 390,331,362,363,333,336
306: 307,335,304
307: 306,277,250,278,365
308: 195,168,248,250,222
309: 278,279,395,365,367,338
310: 368,281,397
311: 371,341,313
312: 252,280,282,227
313: 341,227,311,284
314: 343,341,399,372,373
315: 372,342,286,256,345,344
316: 258,232,344,320
317: 346,342,374,345,319
318: 290,321,179,378,259
319: 345,344,375,317,288
320: 288,287,316,344
321: 290,318,262
322: 262,408
323: 410
324: 383
325: 354,353
326: 355,414,329,416
327: 269,268,184,241,299
328: 270,301,419
329: 326,416
330: 302,389,303,332
331: 305,332,359,362,363
332: 303,359,302,330,361,390,331
333: 336,277,305,390,335
334: 392,393,336,366,424
335: 306,390,333,277
336: 333,305,363,392,334
337: 280,223,279,222,252
338: 367,309,280,282
801: 745,780,794
340: 399,400,368,371,370
341: 343,314,313,311,399
342: 372,315,373,374,345,317
343: 341,314,200,284,372,286
344: 345,319,315,316,288,320
345: 344,319,342,315,317
346: 375,317,376,404,405,403
347: 378,259,379,435,407
348: 407,349,406
349: 348,407,435,436,406
350: 409,351
351: 439,350,381,382,411
352: 382,380,411
353: 385,384,325,413
354: 325,412
355: 326,415
356: 387,477,416,419
357: 269
358: 419,477,303,449
359: 303,332,449,360,331
360: 509,421,359,449,362
361: 275,332,390
362: 391,363,360,509,305,331
363: 391,362,305,331,336,392
364: 395,366,424,454,396
365: 395,307,277,366,278,309
366: 277,334,364,365
367: 396,338,309,395
368: 371,281,310,370,397,340
369: 455,426,430,427,397
370: 430,397,398,368,340
371: 368,281,311,399,340
372: 342,315,286,343,314,373
373: 431,374,314,400,372,342
374: 431,373,404,342,317
375: 346,376,319,289,377
376: 375,346,405,377
377: 375,376,522,436
378: 347,259,318
379: 288,287,289,435,347
380: 382,292,263,293,352
381: 467,351,439,469
382: 380,351,352,411
383: 384,324,297
384: 383,353
385: 353,296,298
386: 529,445,414,415
387: 477,356,418,416,388,476
388: 416,444,387
389: 300,301,243,302,330,273
390: 305,332,361,335,333
391: 362,363,509,538,392,451
392: 334,422,391,363,336
393: 334,422,452,424,423
394: 452,511,453,423,512
395: 364,365,309,367,396
396: 367,395,364,454,426
397: 430,370,310,369,368
398: 430,370,457,490
399: 340,400,371,341,314
400: 399,340,431,373,402
401: 492,462,493,432,459,463
402: 460,400,431,404
403: 405,434,404,463,460,346
404: 431,374,460,402,346,403
405: 434,403,433,346,376
406: 496,438,436,348,349
407: 348,349,435,347,408
408: 409,407,322
409: 292,408,350
410: 441,323
411: 382,351,352
412: 413,354,415
413: 412,353,415
414: 415,326,386
415: 414,413,412,355,386
416: 388,326,329,387,356
417: 444,505,447,476,446
418: 387,421,448,479
419: 358,328,301,477,356
420: 479,450,509
421: 477,418,449,360
422: 392,393,452,511,451
423: 484,512,393,452,394,425
424: 425,454,334,393,364
425: 424,454,484,423,485
426: 455,369,454,396
427: 430,455,369,489
428: 456,484,486
429: 490,432,457,459,461
430: 370,427,457,397,398,369,489
431: 373,374,404,400,402
432: 490,429,459,401
433: 405,434,552,522,437
434: 405,403,433,463,493,552
435: 289,379,347,407,349
436: 465,522,377,349,406
437: 494,433,552,465,522
438: 406,496,495,468
439: 351,381,469,470
440: 470
441: 410
442: 
443: 501
444: 417,388,476
445: 529,474,386
446: 507,417,448,447
447: 448,476,417,446
448: 447,418,507,446,479,478
449: 303,359,358,421,477,360
450: 420,479,478,481
451: 511,391,538,482,422
452: 511,394,422,393,423
453: 540,511,394,512
454: 424,425,364,396,455,426
455: 369,426,454,485,456,427
456: 428,516,484,485,455
457: 430,398,488,489,429,461
458: 488,489,516,514,545
459: 461,518,429,432,401,462
460: 463,402,404,403
461: 459,518,515,457,488,429
462: 492,401,459,518,491,520
463: 460,401,493,434,403
464: 523,552,493,549,517
465: 522,436,494,437,496
466: 494,579,525,580,608
467: 524,381,469
468: 438
469: 381,467,439,470
470: 440,439,469
471: 500
472: 500
473: 560,531,475
474: 529,445,503
475: 505,473,530
476: 447,417,444,387
477: 387,421,356,419,358,449
478: 479,450,448,507,565
479: 420,478,450,418,448
480: 565,504,564,535,506,510
481: 538,450,508,483
482: 538,511,451,569
483: 567,510,508,481,569
484: 423,512,485,425,486,428,456
485: 484,425,455,456
486: 539,484,512,428,542,487
487: 542,486,571,514,573
488: 458,489,457,545,461,515
489: 488,458,430,427,457
490: 429,432,398
491: 547,518,462,520
492: 401,462,493,520,517
493: 492,401,463,434,464
494: 579,466,437,465,580
495: 580,553,496,438,524
496: 406,438,465,495,580
497: 584
498: 
499: 584
500: 471,472
501: 502,443
502: 585,501,557
503: 585,474,558
504: 507,533,565,480,506
505: 475,417,530
506: 564,535,533,504,616,480
507: 446,504,448,478,565
508: 565,481,483,510
509: 360,420,391,362
510: 483,567,565,508,480,564,537,566
511: 452,451,394,482,422,453
512: 484,423,394,540,453,539,486
513: 541,570,624,596,543
514: 544,573,545,516,487,458
515: 461,518,488,545,547
516: 456,458,514
517: 521,549,492,464
518: 459,461,515,547,491,462
519: 547,544,546,575
520: 491,492,462
521: 549,517,606
522: 465,436,433,377,437
523: 464,552,577,549,579
524: 467,495,553
525: 577,579,466,581,608
526: 554,581
527: 555
528: 
529: 445,474,386
530: 533,505,475,532
531: 560,473,666,615,614
532: 560,530,533
533: 530,504,532,616,506
534: 667,614,560,589,561
535: 564,563,562,506,616,480
536: 594,595,562,620
537: 566,593,564,562,510
538: 481,482,391,451
539: 486,540,512,541,542
540: 453,568,596,512,539
541: 570,513,539,542,598
542: 487,539,486,541,571,598
543: 624,623,570,513,622
544: 514,573,545,572,546,547,519
545: 514,544,488,458,515
546: 599,574,572,544,519,602,575
547: 519,491,544,518,515
548: 577,632,581
549: 521,577,517,464,523
550: 631,576,606,551,605
551: 605,659,550
552: 464,523,434,433,437
553: 495,580,524
554: 578,581,635,526
555: 608,527
556: 611,636
557: 640,588,586,502,585
558: 585,588,503
559: 587
560: 532,473,531,614,534
561: 617,589,592,534,616
562: 564,563,535,537,536
563: 562,535,616,592
564: 562,535,506,480,510,537,566
565: 508,480,507,504,478,510
566: 537,593,564,567,510,621
567: 483,510,566,569,568
568: 540,567,596,621
569: 482,483,567
570: 541,513,543,597,622,598
571: 598,601,542,487,573,600
572: 600,599,546,544,573
573: 514,544,487,571,600,572
574: 599,546,656,602
575: 602,603,546,519
576: 631,550,603,705,606
577: 548,549,523,579,525
578: 554,632,659,634,635
579: 494,466,523,577,525
580: 495,553,494,466,496
581: 554,632,548,525,526
582: 607,611,610
583: 660,635,607,610
584: 499,497
585: 502,557,588,503,558
586: 557,640
587: 640,588,559,666
588: 557,587,585,558,666
589: 617,561,667,534,669
590: 643,667,670,669
591: 620,617,592,618,619
592: 617,561,616,563,591
593: 537,566,595,650,621
594: 648,595,536,620
595: 594,648,536,593,650
596: 624,621,540,568,513
597: 622,674,570,625
598: 571,601,541,570,542
599: 600,574,572,546,628
600: 599,572,571,601,573
601: 571,598,626,600
602: 603,705,575,574,546,604
603: 602,705,575,576
604: 602,705
605: 551,659,631,550,657,633
606: 576,550,521
607: 583,582,610
608: 555,466,525
609: 663,688
610: 611,607,583,582
611: 661,610,582,556,636
612: 613
613: 639,612
614: 667,534,615,560,531
615: 690,641,666,531,614
616: 533,592,561,563,535,506
617: 589,592,561,618,669,591
618: 669,617,591,619,644
619: 645,644,618,591,620
620: 591,619,594,536
621: 624,596,650,566,593,568
622: 597,674,543,623,570
623: 649,624,650,543,622
624: 596,650,543,621,623,513
625: 651,652,597,626
626: 601,652,625,628
627: 656,628,654,652,676
628: 656,627,626,652,599
629: 680,654,679,723
630: 657,683,705,655,682
631: 576,550,705,657,605
632: 578,581,548,659
633: 634,658,657,683,605,659
634: 633,659,578,685
635: 685,578,554,660,583
636: 664,661,611,556
637: 638
638: 637,732
639: 613
640: 557,587,586
641: 690,615,666
642: 694,691,665
643: 590,690,667
644: 619,618,670,716
645: 619,646,671
646: 672,671,695,645
647: 719,673,696,672
648: 594,595,672
649: 623,673
650: 624,621,593,595,623
651: 652,625,675,676
652: 651,625,626,627,628
653: 680,676,678
654: 656,627,629
655: 679,630,682
656: 627,628,654,574
657: 630,683,631,605,633
658: 633,731
659: 551,605,634,633,578,632
660: 583,635
661: 611,636
662: 664
663: 609,686,708,688
664: 636,662
665: 691,642
666: 587,588,641,615,531
667: 614,534,590,643,589
668: 713,734
669: 618,670,590,617,589
670: 669,590,694,644
671: 646,695,645,737
672: 646,695,648,647
673: 719,647,649
674: 597,622,675
675: 674,699,651
676: 651,627,653
677: 722
678: 744,761,701,680,653
679: 655,629,723
680: 629,653,744,678,723,702
681: 706,727,707,684,729
682: 706,727,655,726,630
683: 657,630,706,633
684: 728,731,706,681,729
685: 635,634
686: 708,663
687: 752,711
688: 663,609
689: 
690: 641,615,643
691: 665,642
692: 714,754,693
693: 715,694,692
694: 642,670,715,693
695: 672,646,671,737,718
696: 719,647,718,720
697: 757,739
698: 699,722,719,720
699: 698,722,675
700: 744,724,761,762,743
701: 761,722,742,678
702: 704,680,724,726,725
703: 707,766,725,704
704: 702,724,747,703
705: 602,603,604,631,576,630
706: 727,682,681,683,684
707: 766,703,725,727,681
708: 686,710,663
709: 729,730
710: 767,708
711: 687
712: 734,714
713: 753,668
714: 754,692,712,736
715: 693,735,694,716
716: 756,715,735,644
717: 737,756
718: 739,695,696
719: 647,673,696,698,720
720: 719,696,738,698
721: 789,758,738
722: 699,698,677,701
723: 680,629,679
724: 700,744,704,702,747
725: 707,703,726,702,727
726: 702,727,682,725
727: 706,682,681,726,707,725
728: 684,731,729,767
729: 709,681,684,728
730: 709,767
731: 684,728,658
732: 638
733: 736
734: 712,753,668
735: 715,754,716,756,755
736: 733,714,772
737: 717,756,671,695
738: 739,720,721
739: 738,718,697
740: 788
741: 789,775,760
742: 762,761,701
743: 778,762,700,745,747
744: 700,678,724,680
745: 801,763,743,778
746: 780,765
747: 780,724,743,704
748: 783
749: 765,766
750: 783
751: 
752: 687
753: 713,734
754: 714,692,735,755
755: 735,754
756: 716,735,737,717
757: 770,774,697
758: 789,721,775
759: 797,775
760: 779,741
761: 701,762,742,700,678
762: 742,761,700,743
763: 745,790,778,792
764: 794,781
765: 749,746,766,784
766: 707,703,765,749
767: 710,728,730
768: 
769: 
770: 757,774,773
771: 785,786,776
772: 736,785
773: 774,770
774: 773,770,757
775: 789,758,741,759
776: 771
777: 779
778: 743,763,745
779: 760,777,790
780: 746,747,801
781: 784,764,782
782: 793,781
783: 750,748
784: 781,765
785: 771,772
786: 771
787: 
788: 740,797
789: 721,775,758,741
790: 763,779,792
791: 
792: 763,790,794,799
793: 799,795,782
794: 764,801,792,799
795: 793
796: 797
797: 788,759,796
798: 
799: 793,792,794