0: 
1: 
2: 
3: 
4: 
5: 
6: 17,34,16,51,32
7: 8,24
8: 7,12,22
9: 10,24,40
10: 23,53,9,40
11: 40
12: 8
13: 42
14: 103,60
15: 31,30
16: 17,6,51
17: 34,16,6
18: 71,34,54
19: 21,33
20: 33,37,71,73
21: 19,22,53
22: 21,8
23: 10,74,38,58,40
24: 7,9
25: 58,40,101
26: 
27: 43,42
28: 
29: 
30: 15
31: 15,49,51,48
32: 51,50,6,54,91
33: 20,71,19
34: 17,6,18
35: 55,52,73,37,75
36: 38,56,37,55,74
37: 20,35,74,36
38: 36,56,23,74,58,76
39: 41,79,101
40: 25,9,10,23,11
41: 39,79,78,60
42: 13,27
43: 27
44: 85
45: 62,85,63
46: 49,112,47
47: 112,67,89,46,88
48: 69,31,49,51,50
49: 114,46,31,48
50: 51,32,69,70,48,91
51: 32,50,31,16,6,48
52: 91,73,117,35,75
53: 10,74,21
54: 73,32,18,71
55: 35,94,75,36,56,96
56: 36,38,97,55,96
57: 98,77,146,78,123,147
58: 25,23,38,101,76
59: 79,97,78
60: 103,14,41,81,80
61: 103
62: 45,82,63
63: 45,62,85
64: 85
65: 66
66: 65
67: 112,47,161,89
68: 69,115,114,139,140,141
69: 68,115,70,48,50
70: 69,115,50,91,72
71: 18,54,33,20
72: 93,117,115,70,91
73: 54,52,20,35
74: 23,53,37,36,38
75: 94,52,117,35,55
76: 101,38,97,58
77: 146,121,122,98,57
78: 99,79,59,57,41
79: 59,41,39,78
80: 81,102,99,124,60
81: 100,80,60
82: 62,126
83: 130,129,155
84: 
85: 44,45,64,63
86: 
87: 
88: 138,139,47,89,114
89: 47,67,88
90: 138,139,163,164,140,165
91: 52,32,50,70,72
92: 143,142,141,191,192,166
93: 72,117,143,116,118
94: 75,55,96
95: 118,119,116,145
96: 120,55,94,56,97,98
97: 56,96,76,59,98
98: 57,97,96,122,77
99: 78,123,124,80
100: 81,102,128
101: 76,25,58,39
102: 100,80,124,125
103: 60,14,61
104: 152
105: 129
106: 156,130,155
107: 
108: 
109: 136,134,161,110,111,113
110: 133,109,134
111: 113,109
112: 47,67,46
113: 111,109,161
114: 49,139,88,68
115: 69,68,70,141,72
116: 93,118,95
117: 72,93,52,75
118: 119,95,93,142,116
119: 118,95,142,170,144,171
120: 96,122,145
121: 77,146,172,198,199
122: 120,145,98,77
123: 99,57,147,124
124: 147,174,99,123,80,102,125
125: 203,175,124,174,102
126: 128,150,82,127
127: 152,151,150,126
128: 150,126,100,203
129: 83,105
130: 83,106
131: 180,208,154,181
132: 183
133: 110,158,185
134: 136,109,110,185
135: 160,162,159,187
136: 109,134,161,187
137: 187,162,138,163,189
138: 90,139,88,163,137
139: 138,90,88,114,68,140
140: 141,191,165,90,139,68
141: 140,191,68,115,92
142: 92,166,118,119,144
143: 92,93
144: 195,170,142,194,119
145: 198,95,120,122
146: 77,172,121,57,147
147: 124,174,57,146,172,123,173
148: 149,254
149: 229,148,173,174
150: 128,126,203,176,178,231,127
151: 152,127,209,153
152: 151,127,104
153: 209,204,207,151,233
154: 155,209,180,131
155: 154,83,106
156: 106
157: 238
158: 183,133
159: 242,160,135,215
160: 162,135,159,188,215,216
161: 136,109,113,67
162: 160,135,137,187,188,189,216
163: 138,90,137,164,189
164: 189,217,90,163,218,190
165: 140,191,90,190
166: 194,192,92,142
167: 248,249,193,220,221
168: 249,194,195,222,308
169: 195,170,222,196,197,224
170: 195,144,169,171,119
171: 170,119,225
172: 146,121,199,147,173
173: 149,172,147,174
174: 147,124,149,173,125,175
175: 125,203,174,202,176
176: 202,177,203,175,150,231
177: 202,228,176,231,230
178: 205,231,150
179: 290,206,233
180: 131,208,209,207,154
181: 131,182
182: 181
183: 158,132
184: 211,186
185: 211,133,134,186
186: 211,185,184
187: 137,136,162,135
188: 243,215,160,162,216,273
189: 164,217,216,137,162,163,245
190: 219,218,192,164,191,165
191: 140,141,165,190,192,92
192: 219,190,191,92,194,166,221
193: 220,276,304,248,167,306
194: 166,221,192,168,195,144
195: 170,144,169,194,168,222
196: 222,169,224,251
197: 225,169,224,253
198: 145,225,121,199
199: 226,198,225,172,121
200: 284,285,256,201
201: 256,257,200,228
202: 228,177,176,229,175
203: 125,175,176,128,150
204: 153,205,260,233
205: 178,231,230,232,260,204
206: 290,179,321,208,235
207: 209,153,233,180
208: 180,131,206
209: 153,207,151,154,180
210: 297,239,267,238
211: 185,184,186
212: 297,239,268,214
213: 242,240,241,271
214: 212,268,327
215: 188,271,159,242,160
216: 189,217,160,162,188,273,245
217: 164,189,216,245,218,247
218: 219,190,164,217,247
219: 218,190,192,247,221
220: 193,247,276,246,167
221: 194,219,192,249,167
222: 196,308,168,195,169
223: 337,250
224: 251,253,169,196,197
225: 197,171,198,199
226: 199,253
227: 255,283,284,254
228: 202,177,229,201
229: 149,202,228
230: 205,231,177,257,232
231: 205,178,230,177,176,150
232: 258,260,205,230
233: 261,260,153,204,207,179
234: 262,321
235: 236,206
236: 235,237
237: 236
238: 267,157,210
239: 210,297,212
240: 242,213,241
241: 299,270,269,240,213
242: 240,213,159,215
243: 188,271,272,300,273,274,244
244: 302,330,243,300,274
245: 273,189,217,216,246
246: 220,247,276,245,302
247: 220,246,217,219,218
248: 249,167,193,306,277,307,308
249: 248,167,168,221,308
250: 337,278,223,307,308
251: 224,253,196,252
252: 255,251,282,312
253: 224,251,197,226
254: 284,227,148
255: 227,252,312,283
256: 257,201,200,285,315,286
257: 256,201,315,230,258
258: 259,232,257,315,287
259: 258,260,287,261,288
260: 259,232,205,204,233,261
261: 233,320,259,260
262: 234,380,322
263: 352,293,380,264,350
264: 293,263
265: 293
800: 791,777,790,792
267: 238,210,297
268: 296,385,212,214,327
269: 327,299,241,298
270: 299,241,272,328
271: 243,215,213,272
272: 300,328,270,243,271
273: 245,274,188,243,216
274: 273,243,302,244
275: 361,304,302,332,276
276: 193,220,246,302,361,304,275
277: 306,335,307,248,365,278
278: 337,250,277,307,366,309
279: 280,337,309,310,338
280: 282,279,310,281
281: 312,311,280,282,310,368
282: 280,252,312,281
283: 312,313,255,227,284
284: 200,285,254,227,283
285: 200,284,256,286
286: 342,285,343,256
287: 319,316,315,258,259,288
288: 318,259,319,287,316
289: 347,319,375
290: 179,206,321,320,291
291: 292,378,320,318,290
292: 291,378
293: 352,263,265,264
294: 
295: 
296: 268,385,325
297: 210,212,239,267
298: 357,269,326,299
299: 241,270,269,357,298
300: 272,389,328,243,330,244
301: 419,358,329,389,328
302: 244,332,274,276,246,275
303: 359,331,358,330,332
304: 361,275,193,276,306,335
305: 390,333,362,336,363
306: 277,335,193,304,248
307: 277,248,308,278,250
308: 222,248,249,168,307,250
309: 395,366,337,278,279,338
310: 397,338,367,280,279,281,368
311: 312,313,281,341,368,371
312: 283,313,311,281,282,255,252
313: 312,283,311,341,371
314: 400,399,373,343,371,372
315: 342,256,257,258,287
316: 319,287,344,346,288
317: 345,344,374,346,404
318: 288,320,291,378
319: 287,316,346,288,289
320: 261,318,290,291
321: 290,206,234
322: 408,379,407,262,380
323: 382
324: 
325: 353,384,296,385
326: 355,357,356,298,416
327: 269,268,385,214
328: 272,300,389,270,301
329: 357,356,301
330: 244,332,300,389,358,303
331: 359,303,360,390,362
332: 302,330,303,361,275,390
333: 305,390,361,335
334: 393,424,336,363,364
335: 306,277,304,333,365
336: 365,363,305,334
337: 278,250,223,309,279
338: 310,367,396,395,309,279
801: 794,793
340: 341,370,368,398,399
341: 340,368,313,311,371,399
342: 315,286,344
343: 371,314,286,372
344: 345,317,342,316,346
345: 317,344,372,373,374
346: 375,404,317,344,319,316
347: 377,289,375
348: 436,467,406,349,407,438
349: 379,407,348,406
350: 351,380,352,263
351: 350,382
352: 293,263,350
353: 384,325,385,354,355
354: 353,384
355: 326,353
356: 357,329,326,416,387
357: 356,298,329,326,299
358: 419,301,389,330,303
359: 303,331,449,360,421
360: 421,479,359,331,391,362
361: 304,275,332,276,333
362: 391,392,331,360,305,390,363
363: 336,305,392,362,393,334
364: 395,334,454,396
365: 336,277,335,366
366: 309,365,278
367: 397,310,338,396,426,369
368: 341,340,370,397,310,311,281
369: 426,427,397,367,370,489
370: 340,368,397,369,489
371: 343,313,311,341,314,399
372: 345,343,314,373
373: 314,400,345,372,402
374: 403,431,402,345,317
375: 346,404,376,347,377,289
376: 375,404,405,433,377,435
377: 347,375,376,433,435
378: 292,291,318
379: 349,407,322
380: 262,322,408,263,350
381: 408,409
382: 323,351
383: 
384: 353,325,354
385: 296,268,353,325,327
386: 414,416,444
387: 388,356,416,419
388: 387,416,476,418
389: 300,328,358,301,330
390: 305,333,332,331,362
391: 392,362,360,479
392: 391,362,451,363,423,393
393: 423,334,424,392,363
394: 484,511,424,425
395: 364,309,338,396
396: 338,367,395,364,454,426
397: 310,367,369,370,368
398: 430,340,400,429
399: 314,400,341,340,371
400: 314,399,373,398,490,429,402
401: 518,459,491,461,460,432
402: 431,374,400,373,490
403: 431,374,463,405,434
404: 375,346,376,317,405
405: 434,433,403,404,376
406: 436,348,465,349
407: 349,379,348,322,408
408: 322,381,407,380
409: 468,438,381,469,439
410: 470
411: 439,470
412: 413,501
413: 412,414,415
414: 386,413,415
415: 474,413,414
416: 444,326,386,356,387,388
417: 476,474,445
418: 446,505,476,388
419: 358,301,387,449
420: 508,450,446,507,478
421: 449,360,479,448,477,359
422: 538,481,451,509
423: 393,392,451
424: 393,334,425,394
425: 454,424,484,394,455
426: 455,369,427,454,367,396
427: 455,426,369,428,489,456
428: 485,455,427,456
429: 490,461,398,430,400
430: 398,489,456,457,461,429
431: 403,402,374,463,432,460
432: 431,463,460,401,492
433: 405,522,376,377,435
434: 405,403,463,464
435: 465,376,433,377
436: 467,348,406,465,496
437: 494,496,522,552,465
438: 468,409,467,348
439: 411,409,469,470
440: 470,527
441: 
442: 471,472
443: 503
444: 416,386
445: 530,475,474,473,417
446: 418,505,447,420,507
447: 446,505,507,506
448: 421,479,477,450
449: 421,419,477,359
450: 420,508,448,538,509
451: 422,481,392,423,452
452: 453,481,451,482
453: 452,482,539,511,512
454: 425,364,396,455,426
455: 426,427,425,454,484,428,485
456: 489,430,427,428,457,458
457: 458,488,430,456,461,459
458: 457,488,516,456
459: 518,401,457,488,461
460: 490,461,401,431,432
461: 429,460,430,457,459,401
462: 549,520,491,547,492
463: 403,431,432,492,493,434
464: 521,552,493,434,522
465: 435,437,496,436,406
466: 494,496,580,495
467: 436,348,524,468,438,497
468: 409,438,467,497,469
469: 527,468,409,439,470
470: 440,527,469,411,439,410
471: 442
472: 442
473: 502,474,531,445
474: 415,473,417,445
475: 445,530,532,560
476: 417,388,418,505
477: 449,421,448
478: 507,565,506,420,508
479: 360,421,448,391,509
480: 536,564,565,506,537
481: 422,538,451,510,452,482
482: 569,539,481,483,452,453
483: 510,567,482,569
484: 486,394,425,455,485
485: 428,487,484,486,455
486: 484,541,513,512,487,485
487: 485,486,542,514,516
488: 457,458,545,518,459,519
489: 430,456,369,427,370
490: 429,460,400,402
491: 518,401,547,492,462
492: 493,491,463,432,462
493: 492,463,549,521,464
494: 437,466,523,552,579,580
495: 524,466,580,608,553
496: 437,466,465,436
497: 527,467,524,468,499
498: 499,526,555,556
499: 498,526,553,527,497
500: 529
501: 529,412
502: 473,503,558,531
503: 443,502
504: 530,532,533
505: 418,446,476,447
506: 507,478,565,447,480
507: 478,506,446,447,420
508: 420,450,478,538,510
509: 422,538,479,450
510: 483,508,565,538,481
511: 394,453,512
512: 513,453,539,511,486
513: 541,512,486
514: 542,487,516,572,515
515: 572,545,514,516
516: 458,487,514,545,515
517: 520,576,575,548,550
518: 459,401,491,488,547,519
519: 547,544,488,545,518
520: 517,462,547,575
521: 523,464,552,493,549,577
522: 433,464,552,437
523: 521,552,577,494,579
524: 495,467,497
525: 608,580,581,554
526: 499,498,553,555
527: 497,469,499,470,440
528: 
529: 501,500
530: 445,475,504
531: 588,558,502,473,560
532: 475,534,560,504,533
533: 535,532,534,504
534: 561,560,532,533
535: 533,616,562
536: 480,564,562,592,537
537: 566,595,536,480,564
538: 422,481,509,508,450,510
539: 482,540,569,453,512
540: 569,539,568,596,543
541: 513,486,570,542,571
542: 514,541,487,571,573,572
543: 570,622,540,596
544: 519,545,546
545: 515,488,516,544,519
546: 574,544,603
547: 519,518,491,520,462
548: 577,517,550
549: 462,493,521,577
550: 605,606,517,576,548
551: 578,581,607
552: 521,523,464,522,494,437
553: 608,495,499,526
554: 635,581,607,525
555: 611,582,498,526
556: 584,498
557: 585
558: 586,502,531
559: 640,587
560: 534,614,531,475,532
561: 534,615,589,616
562: 536,535,563
563: 616,617,562,618
564: 536,480,565,537,566
565: 478,506,480,564,510
566: 537,595,564,567,568
567: 483,566,569,568
568: 621,596,567,566,540,569
569: 482,540,539,567,483,568
570: 543,622,541,571
571: 598,573,625,541,570,542
572: 515,542,514,573,601
573: 571,598,542,572,601
574: 599,601,546,628,602
575: 604,576,603,517,520
576: 604,631,575,517,550
577: 548,549,521,523
578: 606,551,632,607,634
579: 580,581,523,494
580: 579,581,494,466,495,608,525
581: 579,580,551,607,525,554
582: 610,555,583
583: 636,582,610,611
584: 556
585: 586,557
586: 585,558
587: 640,559,666
588: 531,666,614
589: 667,615,561,616,590,643
590: 616,617,589,643,669
591: 592,618,645,619,620
592: 591,618,536,595,620
593: 594,595,621
594: 620,593,647,648
595: 537,566,592,593
596: 568,621,540,650,543
597: 623,675,622,625,651
598: 571,573,625,626,599,601
599: 574,601,598,626,600
600: 627,628,626,599
601: 574,599,598,573,572
602: 656,574,628,654
603: 656,546,604,575
604: 576,631,575,603,656,630
605: 550,606,631,657,633
606: 550,605,578,632
607: 634,551,578,581,635,554
608: 525,553,580,495
609: 661,660,685,635,610
610: 635,582,661,609,583
611: 555,636,583
612: 
613: 639,640
614: 560,588,666,615
615: 667,589,561,614
616: 590,563,561,589,535
617: 590,563,669,618,645,644
618: 591,592,645,563,617
619: 591,645,620,646,672
620: 594,591,592,619
621: 568,596,593,650
622: 543,570,624,597
623: 624,675,597,674
624: 623,674,650,622
625: 571,598,597,651,626
626: 651,652,598,625,599,600
627: 629,600,652,653
628: 600,574,602,654
629: 627,680,679
630: 657,682,705,604,631
631: 604,576,657,630,605
632: 633,606,578,634
633: 659,632,658,657,605
634: 607,578,632,635
635: 610,554,607,634,661,609
636: 583,611
637: 
638: 664
639: 613,691,641,690
640: 559,587,613
641: 666,639,690
642: 668,667,694,643,670
643: 670,669,667,589,642,590
644: 671,617,669,645
645: 591,618,617,644,619
646: 647,696,672,619
647: 646,696,594,718,673
648: 674,650,594,673
649: 720,674,698,675
650: 648,674,621,596,624
651: 626,652,676,597,625
652: 651,626,676,627,653
653: 702,744,652,678,627
654: 705,628,602,656,679
655: 705,726,679,681
656: 602,603,654,705,604
657: 682,630,631,605,633,658
658: 659,633,657,682,683
659: 633,658
660: 661,662,609
661: 662,660,609,635,610
662: 661,660,663,664
663: 662,664
664: 638,662,663
665: 689,691,668
666: 641,587,588,614
667: 615,589,642,690,643
668: 642,665,691,692,694
669: 643,670,590,617,644
670: 643,669,642,694,693,716
671: 644,716,715,672
672: 646,696,671,619,737,695
673: 698,718,647,648
674: 648,650,624,623,649
675: 623,597,649,699,676
676: 651,652,675,699,677
677: 678,699,719,676,722
678: 677,722,744,653
679: 726,680,629,654,655
680: 723,679,629,702
681: 706,683,655,726,707,727
682: 657,630,683,658
683: 706,681,682,658
684: 708,767,709,686
685: 609
686: 731,684
687: 731
688: 751,732
689: 665
690: 641,639,691,667
691: 639,665,668,690
692: 712,694,668,735
693: 735,754,716,694,670
694: 692,642,668,670,735,693
695: 737,672,717,697
696: 647,646,672,718,697
697: 739,696,695,718
698: 718,673,649,720
699: 675,676,677
700: 762,761,745,701
701: 745,724,761,700,744
702: 744,653,724,680,723
703: 704,723,725,727
704: 703,747,724,723
705: 654,655,656,630
706: 681,683,707,708
707: 725,729,727,706,681,708
708: 684,706,707,729,767
709: 767,684
710: 751
711: 732,752
712: 692,713,734
713: 712,734
714: 736,735
715: 737,756,754,716,671
716: 693,754,670,671,715
717: 757,755,695
718: 698,673,647,696,697
719: 721,720,677,742
720: 649,698,719
721: 719,760,738,741,742
722: 742,761,677,678
723: 680,702,724,704,703
724: 745,701,702,744,743,723,704
725: 707,766,727,703
726: 679,655,681,727
727: 707,725,726,703,681
728: 766,729,748,749
729: 707,728,708,749,767
730: 749
731: 686,687
732: 711,688
733: 771,736,770
734: 713,712,753
735: 693,754,692,694,714
736: 714,770,733
737: 715,756,755,672,695
738: 721,741
739: 697
740: 775,758,741
741: 758,738,740,721,760
742: 722,761,721,719,760
743: 780,745,724,747,746
744: 702,653,678,701,724
745: 701,724,700,780,743
746: 781,780,743,747
747: 704,743,746,781
748: 765,728,749
749: 767,728,729,748,730
750: 769
751: 688,710
752: 711
753: 734
754: 735,693,716,715
755: 737,756,717
756: 715,737,755
757: 717,773
758: 741,740,775
759: 788,775,797
760: 721,741,742,761,762
761: 722,742,760,700,762,701
762: 700,789,760,761
763: 780,793,778
764: 782,765,784
765: 748,784,781,764
766: 728,725,781
767: 749,709,729,684,708
768: 
769: 750
770: 736,772,733
771: 733
772: 770,773,785
773: 757,772,785,774
774: 785,773,788
775: 740,788,759,758
776: 787,788
777: 790,800,778
778: 777,763
779: 793
780: 743,763,745,746
781: 746,747,766,765
782: 764,794
783: 
784: 765,764
785: 774,772,773
786: 
787: 776
788: 759,774,775,776
789: 762
790: 777,800
791: 800,798
792: 793,800
793: 792,763,801,779
794: 801,782
795: 799
796: 797
797: 759,796
798: 791
799: 795