0: 
1: 
2: 
3: 
4: 
5: 29
6: 
7: 
8: 11
9: 
10: 
11: 8
12: 
13: 120
14: 44
15: 211
16: 
17: 18
18: 221,17,55
19: 
20: 138,223,166
21: 38,221
22: 36,38
23: 225,60,24
24: 100,23
25: 44
26: 
27: 
28: 64
29: 5
30: 
31: 141,88
32: 89
33: 
34: 52,67,133,112
35: 
36: 22
37: 89
38: 22,21
39: 81,57
40: 42
41: 225
42: 40
43: 58
44: 14,25
45: 62
46: 67
47: 
48: 
49: 50,109,270
50: 49,109,135
51: 244,70
52: 34,133
53: 143
54: 
55: 79,18,93
56: 117,244,70,165
57: 125,39
58: 43
59: 170,99
60: 124,76,23
61: 
62: 45
63: 
64: 28
65: 87,185
66: 71
67: 46,34
68: 193,192,224,144
69: 
70: 244,51,165,162,56
71: 95,66
72: 90
73: 119,116
74: 93
75: 251,122,92,171
76: 60,100
77: 229,255
78: 225,146
79: 55,103,140,98
80: 
81: 39
82: 204
83: 235
84: 106,154
85: 175
86: 136,325
87: 65,108
88: 31,189
89: 37,32
90: 247,166,72
91: 143,221
92: 98,122,75,169
93: 74,55
94: 
95: 71
96: 
97: 123,145,228
98: 92,140,122,79
99: 229,59
100: 24,76
101: 225,146
102: 205,341,258
103: 79,124
104: 209,378
105: 380
106: 84,154,175
107: 
108: 87
109: 50,49,270
110: 
111: 335,159,190
112: 133,34
113: 
114: 
115: 
116: 228,119,73,170
117: 56,192,244,253
118: 191,223,361,276,222
119: 228,116,73
120: 13
121: 172
122: 140,75,92,98
123: 97,228,198
124: 60,103
125: 57,150
126: 316,207
127: 180,346,232
128: 
129: 
130: 294,237
131: 233
132: 385
133: 112,34,52
134: 270,335
135: 50
136: 86,188,187
137: 297,184,299
138: 20,333,193,248
139: 390,190,167
140: 122,79,98
141: 31,161
142: 217,189,213
143: 53,91
144: 224,68,249
145: 148,97
146: 225,101,78
147: 195,148,248
148: 147,145
149: 374,432,315,257
150: 125,177
151: 380,181
152: 261,155,176
153: 230
154: 106,84,177
155: 152
156: 
157: 187,295
158: 267
159: 160,389,111,335
160: 159,389
161: 141
162: 165,217,189,70
163: 270,213,327
164: 167,327
165: 162,70,56
166: 90,247,20
167: 164,390,139,364
168: 194,342
169: 171,92,249
170: 59,116,198
171: 169,251,75,224,249
172: 121,178
173: 232,400
174: 
175: 177,85,106
176: 345,152,261
177: 175,150,154
178: 229,172,316
179: 319,321
180: 127,285,286,200
181: 151,182
182: 181
183: 240
184: 137,387,273
185: 240,65
186: 
187: 157,136,325
188: 212,136
189: 142,217,88,162
190: 331,111,139
191: 118,218,302,276
192: 117,68,251,253
193: 68,138,248
194: 490,195,168,342
195: 147,194,252
196: 395,254
197: 281,369,279
198: 341,123,170
199: 227,431,254,280
200: 286,180
201: 460,398
202: 205,258,346,257
203: 255,285,286,316
204: 82,231
205: 102,202,490,342
206: 378
207: 126
208: 408
209: 104,237
210: 242
211: 15
212: 267,188
213: 163,142
214: 
215: 332,447
216: 302,360,365
217: 142,189,162
218: 364,191
219: 391,307,363
220: 336,278
221: 18,21,91
222: 304,118,223,361
223: 118,20,222
224: 144,68,251,171,249
225: 23,101,41,146,78
226: 342,371
227: 199,371
228: 119,116,123,97
229: 77,99,178
230: 153
231: 204
232: 173,346,259,127
233: 131,260
234: 
235: 83
236: 
237: 209,130
238: 384
239: 295,357,245
240: 183,185
241: 389
242: 210
243: 334,305,360
244: 51,70,56,117
245: 357,239
246: 366,333,395
247: 90,166
248: 193,138,147
249: 224,144,169,171
250: 369,279
251: 75,253,192,224,171
252: 195
253: 251,192,117
254: 395,196,280,199
255: 203,77
256: 260,262
257: 259,202,346,149
258: 346,285,102,202
259: 257,346,432,232
260: 256,233
261: 152,176
262: 256,404
263: 319,321
264: 495
265: 
800: 788,787,796
267: 212,158
268: 
269: 353
270: 134,49,109,163
271: 386,274
272: 
273: 387,326,184
274: 271,386
275: 365,477
276: 361,302,118,191
277: 449,420,450,624,541
278: 336,220
279: 250,369,197,283
280: 312,254,199
281: 197,368,367
282: 457,427,338
283: 279
284: 311,373
285: 258,203,286,180
286: 316,200,203,285,180
287: 317,380,294
288: 379,435,522
289: 573,401,515
290: 
291: 376,375,396,522
292: 467
293: 410
294: 130,287,380
295: 239,157
296: 
297: 137,386
298: 415
299: 137,416
300: 416,331,478
301: 478,328,332,334,305
302: 216,360,390,364,191,276
303: 475,533
304: 222,336,333
305: 334,243,301,418,477
306: 538,392,649
307: 361,219
308: 312,423,340
309: 394,419,449,337
310: 456,427
311: 314,313,284,373
312: 308,366,280
313: 311,373,398,461
314: 311,431,315,343
315: 343,314,149
316: 286,126,178,203
317: 287
318: 407,499,553,348
319: 179,436,321,263
320: 405,345
321: 179,319,263
322: 352
323: 
324: 353
325: 187,86,385
326: 415,507,273
327: 164,163
328: 478,301,334
329: 418,510,359,451
330: 443,560
331: 190,300
332: 215,301,418
333: 138,304,336,246
334: 243,305,328,301
335: 111,159,134
336: 304,333,220,278
337: 363,419,309
338: 282
801: 792
340: 308,369
341: 198,102
342: 226,194,168,205
343: 315,371,431,314
344: 400,399,403
345: 176,320
346: 258,202,257,259,127,232
347: 438,435,409,351
348: 318,499,466
349: 517,572,544,429,402
350: 
351: 436,347,438
352: 322
353: 324,269
354: 476
355: 442,383
356: 557,383
357: 239,245
358: 529,471,475
359: 424,329,448,451
360: 302,216,390,243
361: 276,307,118,222
362: 539,646
363: 337,219
364: 218,167,302
365: 275,216,391
366: 246,312,395
367: 455,281
368: 511,369,281
369: 250,279,340,368,197
370: 515,406,461,398
371: 343,227,226
372: 
373: 575,428,284,311,313,461
374: 149,432,400
375: 399,551,291,403
376: 291,403
377: 396,463
378: 104,206
379: 288,405
380: 151,105,287,294
381: 523,632,525
382: 
383: 442,355,356
384: 238
385: 132,325
386: 271,274,297
387: 273,184
388: 471
389: 159,160,241
390: 139,167,302,360
391: 219,365,393
392: 649,446,306,450
393: 419,424,391
394: 309,449,541
395: 196,254,366,246
396: 377,522,291
397: 488,456,427
398: 460,201,313,370,461
399: 571,375,460,344
400: 344,374,432,173
401: 603,428,515,573,289
402: 602,517,349,493
403: 376,344,375
404: 405,262,465
405: 404,320,379
406: 370,551,463
407: 318,553
408: 208
409: 436,465,435,347
410: 293
411: 
412: 559
413: 474,613
414: 
415: 326,298
416: 299,300
417: 421,444,503
418: 329,332,305
419: 393,449,426,337,309
420: 449,426,277,446
421: 563,417,504
422: 479,505,510
423: 308,452
424: 359,393,426
425: 453,541,430,545
426: 420,424,419
427: 282,310,456,397
428: 575,373,603,401,515,461
429: 552,488,520,349,544
430: 425,545
431: 199,343,314
432: 374,149,259,400
433: 547,523,491
434: 634,581,577,709,518
435: 288,409,347
436: 409,465,319,351
437: 607,610
438: 347,351
439: 635
440: 
441: 
442: 383,355
443: 330
444: 473,417
445: 475,563,473,533
446: 448,392,420
447: 215,510
448: 446,451,359
449: 420,277,419,309,394
450: 624,392,277
451: 448,329,510,359
452: 511,423
453: 485,425,545,455
454: 508,486,543,598,535
455: 545,367,453,656
456: 310,512,427,397
457: 282,520
458: 516,483,564,486
459: 493,491,552
460: 398,201,571,399
461: 370,515,313,373,428,398
462: 680,517,682,606
463: 551,406,377
464: 496,527,635
465: 409,436,404
466: 499,348
467: 292,468
468: 524,467
469: 526
470: 
471: 388,358,473
472: 
473: 471,444,445
474: 413,588
475: 445,529,358,303
476: 354
477: 305,275
478: 328,301,300
479: 422,510,649
480: 487,616,561,531
481: 675,591,669,622
482: 621,598
483: 516,458,539
484: 
485: 453,541,624,516
486: 656,458,564,454
487: 536,480,531,569
488: 397,628,429,544
489: 628,512
490: 194,205
491: 493,459,519,573,433
492: 635,580
493: 491,459,519,552,402
494: 608
495: 264
496: 464,527,522
497: 555
498: 637,582
499: 318,348,466
500: 
501: 504
502: 613
503: 417,594,641
504: 565,530,421,501
505: 533,422
506: 509,538,619,648
507: 529,326
508: 454,593,601,543
509: 538,506
510: 447,329,479,422,451
511: 452,368
512: 535,456,489
513: 623,690,590,562,618
514: 628,604,572
515: 370,461,428,401,289
516: 458,483,485
517: 572,349,462,402,602,606
518: 659,709,521,434
519: 493,491
520: 603,457,552,429
521: 682,606,602,659,518
522: 396,291,288,496
523: 547,433,381,632
524: 468
525: 632,381,610,605
526: 469
527: 496,464
528: 
529: 507,358,475
530: 504,565
531: 480,487,619
532: 667,594,691,534
533: 505,303,445,563,565
534: 691,559,532
535: 598,512,454
536: 487,645,540,566
537: 562,719,618
538: 509,506,306
539: 362,483
540: 569,536,566,595
541: 485,425,277,624,394
542: 675,646
543: 570,621,454,508,598
544: 572,349,488,429
545: 455,453,425,430
546: 683,629,705
547: 433,523
548: 654,705,657,627,729
549: 652,679
550: 610,579,605
551: 463,406,571,375
552: 429,520,493,459
553: 318,407
554: 635
555: 497
556: 
557: 356
558: 617,734
559: 615,412,534
560: 330
561: 695,480
562: 537,623,513
563: 421,445,533,565
564: 458,486
565: 504,530,563,533
566: 536,540
567: 648
568: 673,570,744
569: 540,487
570: 543,621,601,568
571: 399,460,551
572: 517,349,544,514,680
573: 289,401,491
574: 701
575: 373,428,603
576: 730
577: 581,434,659,579
578: 663,686,580
579: 550,581,577
580: 492,663,578
581: 634,577,434,579
582: 498
583: 637,611
584: 752
585: 
586: 
587: 716
588: 643,474,639
589: 617,614
590: 718,513,737,618
591: 669,735,481,653
592: 676,674,653
593: 601,646,508
594: 667,532,639,503,620
595: 675,540,669
596: 
597: 674
598: 535,454,543,482
599: 604,680
600: 604
601: 622,646,593,508,570
602: 402,517,521,606
603: 520,401,575,428
604: 599,600,514
605: 525,550,663
606: 682,521,517,462,602
607: 437
608: 494,686
609: 750,633
610: 550,437,525
611: 583
612: 
613: 502,413
614: 589,737
615: 559
616: 641,620,480
617: 558,589
618: 719,513,718,590,537
619: 531,506
620: 594,641,616
621: 570,543,482,744
622: 601,646,481
623: 513,562
624: 450,277,485,541
625: 677,626,699,747
626: 673,625
627: 703,729,654,548,793,728
628: 489,514,488
629: 683,704,546
630: 762,761,766
631: 761,723
632: 525,523,381
633: 609,750
634: 581,434,709,684,660
635: 554,439,464,492
636: 
637: 583,498
638: 
639: 643,588,667,594
640: 
641: 616,503,620
642: 774
643: 588,639
644: 733,694,736
645: 671,695,536
646: 601,622,362,542,593
647: 697
648: 506,567
649: 392,479,306
650: 
651: 721
652: 549,657,682
653: 591,592
654: 723,705,548,627,728
655: 
656: 486,455
657: 652,548
658: 
659: 518,521,577
660: 684,634
661: 711
662: 
663: 686,605,580,578
664: 
665: 689
666: 
667: 532,594,639
668: 756
669: 591,735,675,481,595
670: 756
671: 645,695,690
672: 696
673: 626,568,744
674: 592,735,597
675: 542,481,595,669
676: 592,677
677: 625,676,747,739
678: 720
679: 681,549,729
680: 462,599,572
681: 706,679,709
682: 521,606,462,652
683: 629,546
684: 660,634,685
685: 727,748,684
686: 663,608,578
687: 
688: 
689: 665
690: 513,737,671
691: 534,532
692: 
693: 
694: 733,644,736
695: 561,645,671
696: 712,672,697
697: 647,696
698: 699,789,704,702
699: 747,698,625,702
700: 766,769
701: 744,574,789
702: 699,698,724,765,743
703: 627,793
704: 789,629,698
705: 723,654,548,546
706: 681,748
707: 726
708: 
709: 518,681,634,434
710: 
711: 661
712: 722,696
713: 
714: 771
715: 
716: 587
717: 724,739,721,741
718: 590,719,618
719: 618,718,537
720: 678,776
721: 651,717,741
722: 757,712,755
723: 654,705,631
724: 765,717,739,702,743,777
725: 793,783
726: 707
727: 685,748
728: 793,654,627
729: 627,548,679
730: 783,576
731: 749
732: 
733: 694,644
734: 558
735: 591,669,674
736: 694,644
737: 690,614,590
738: 
739: 724,765,717,677,747
740: 758
741: 721,717
742: 770
743: 724,702
744: 701,621,673,568
745: 781,796
746: 792,795
747: 699,625,677,765,739
748: 727,685,706
749: 731,767
750: 609,633
751: 764
752: 584
753: 
754: 
755: 757,722,797
756: 668,670
757: 722,755,797
758: 740,759
759: 758
760: 
761: 631,762,630
762: 630,763,761
763: 780,762
764: 751
765: 724,739,747,702
766: 630,700
767: 749
768: 
769: 700
770: 742
771: 714
772: 
773: 781
774: 642
775: 
776: 720
777: 724
778: 
779: 
780: 763,799
781: 773,745
782: 784
783: 725,793,730
784: 782
785: 798
786: 
787: 800
788: 800,796
789: 704,701,698
790: 791
791: 795,790
792: 801,746
793: 725,728,783,627,703
794: 
795: 791,746
796: 788,800,745
797: 757,755
798: 785
799: 780