0: 
1: 
2: 
3: 
4: 
5: 
6: 
7: 
8: 
9: 27
10: 
11: 74,27
12: 
13: 
14: 100
15: 48,71
16: 
17: 93
18: 53,94
19: 
20: 118,191,361
21: 221,36
22: 
23: 93,77
24: 42,60,101
25: 44
26: 
27: 74,11,9
28: 
29: 
30: 183
31: 52
32: 
33: 
34: 71,133
35: 76,60
36: 21,221
37: 89
38: 
39: 62,124
40: 74
41: 122,117,225
42: 24,60
43: 100,61
44: 58,25
45: 175
46: 67,47
47: 46
48: 71,67,15
49: 162,244,163,90
50: 132,113
51: 52
52: 31,51
53: 91,143,18
54: 
55: 79
56: 96,140
57: 127,230,126,155
58: 63,44
59: 122,194,97
60: 24,42,35,101
61: 43
62: 39
63: 80,58
64: 120
65: 
66: 
67: 46,48
68: 138,96,224,171,248
69: 
70: 95,165
71: 48,34,15
72: 140,138
73: 116,98,143
74: 27,11,40
75: 79,143,98
76: 35,77,150
77: 121,23,76,150
78: 229,102,123,172
79: 55,91,75
80: 63,81
81: 128,80
82: 231,177,207
83: 321,208,287,235
84: 
85: 153
86: 159,271
87: 
88: 165
89: 37
90: 49,244,167,247
91: 53,143,79
92: 117,253,170,98,192
93: 17,116,23
94: 18
95: 70,165,140
96: 56,68,253,171
97: 123,59,146
98: 170,116,73,75,92
99: 125,123,172,126
100: 43,14
101: 24,60
102: 229,78,205,178
103: 
104: 237
105: 177
106: 
107: 
108: 
109: 213
110: 
111: 134,241
112: 133
113: 186,50,132,141
114: 
115: 163,276,217,216
116: 170,98,73,93
117: 92,192,122,41
118: 304,20,248
119: 228,194,169,145,122
120: 64
121: 225,77,150
122: 59,41,117,119,194
123: 97,78,99
124: 146,174,39
125: 99,126
126: 99,125,203,57
127: 230,57,286,203,200
128: 81,174
129: 
130: 
131: 152,262
132: 134,50,113,213,141
133: 112,34
134: 111,132
135: 186
136: 
137: 159,270,160
138: 68,72,191
139: 361,302,220
140: 167,72,95,56
141: 213,132,113
142: 217,189
143: 91,53,75,73
144: 251,195,249,145,252
145: 169,144,119,198,252
146: 150,124,97
147: 226,168,251,196,252,202
148: 304,246,366
149: 342,341,257,255,258,315
150: 146,174,76,121,77
151: 
152: 131,317,176
153: 85
154: 204
155: 180,230,57,261
156: 
157: 239,214
158: 211
159: 86,137,325,271,270
160: 389,164,137
161: 
162: 49,244
163: 115,189,217,49
164: 160,218,327,190
165: 88,95,70
166: 247,191,276
167: 140,244,90
168: 226,147,490,196,250
169: 145,192,193,249,119
170: 116,98,92
171: 224,96,68,253,192
172: 203,178,78,99
173: 346,259,345
174: 150,124,128
175: 45
176: 345,152
177: 105,82
178: 172,286,102,285
179: 404,320
180: 155,261,317,207,294
181: 182,204
182: 181
183: 30
184: 358,274
185: 240
186: 113,135
187: 272,245
188: 267,212
189: 142,163
190: 334,389,164,331
191: 247,166,138,20
192: 169,224,193,171,117,92
193: 224,169,192,249
194: 228,119,59,122,229
195: 251,144,249,246,196
196: 395,251,195,147,168
197: 369,340,281,338,368
198: 252,202,145,228,205
199: 280,340,250,371
200: 286,127
201: 232,316,346
202: 198,252,226,147,257,205,341
203: 172,286,126,127
204: 154,181
205: 257,228,198,202,102
206: 380,233
207: 294,180,231,82
208: 321,83,292
209: 235
210: 
211: 158
212: 188
213: 141,132,109
214: 157
215: 328,331,389
216: 335,217,115,276
217: 142,115,163,216
218: 327,164,334,335
219: 220,364,278
220: 364,219,139,361,223
221: 21,36
222: 278,366,308
223: 220,304
224: 193,171,68,248,192
225: 121,41
226: 147,168,490,202,342,341
227: 490,279,283
228: 119,194,198,205
229: 102,78,194
230: 127,57,155
231: 82,207
232: 201,315,343,346,344
233: 206
234: 410
235: 321,83,209
236: 237
237: 104,236
238: 353
239: 157,296,357
240: 185
241: 270,325,272,111
242: 
243: 301,331,326
244: 162,49,90,167
245: 187
246: 366,148,254,195,395
247: 191,166,90
248: 68,118,224
249: 195,144,193,169
250: 279,371,199,168,490
251: 195,144,196,252,147
252: 198,202,145,251,144,147
253: 96,171,92
254: 280,246,395
255: 257,149,285,258
256: 260,291,319,465,404
257: 255,205,202,149,341
258: 315,255,149,316
259: 173,346,405,344,345,372
260: 291,256,345,372,320
261: 317,155,180
262: 131
263: 468,351,435,407
264: 407,352,408
265: 470
800: 796
267: 296,188
268: 269
269: 297,268
270: 241,325,159,137
271: 159,86
272: 325,187,241
273: 274,328
274: 184,273
275: 307,390,364
276: 115,216,166
277: 483,392,449,394,541
278: 336,219,222,308
279: 250,371,283,490,227
280: 254,199,340
281: 452,309,423,197,368
282: 430,310,575,457
283: 279,284,227,431
284: 312,283,310,370,431
285: 316,255,286,178
286: 203,178,285,127,200
287: 83
288: 436,379
289: 347,496,492,527,524
290: 
291: 260,256,319,405,400,372
292: 208,351,352
293: 322
294: 207,180,317
295: 
296: 267,239,357
297: 269
298: 529
299: 
300: 303,328,326
301: 243,326,305,332
302: 360,139,364
303: 300,359,326
304: 118,223,148,366
305: 390,301,451,332
306: 451,332,446,448,419
307: 275,424,365
308: 222,336,278
309: 281,452,425,337
310: 282,284,367
311: 461,571,370,314
312: 284,367,369,371
313: 343,460,374
314: 373,370,311,571,399
315: 258,232,149,342,343
316: 285,258,201
317: 261,180,294,152
318: 499,466,348
319: 291,256,400,376,465
320: 260,404,179
321: 83,208,235
322: 293
323: 
324: 
325: 272,241,270,159
326: 303,300,243,301,418
327: 218,164
328: 215,273,300
329: 418,510,422,448
330: 387,476,447,473,415
331: 215,389,190,243
332: 451,306,301,305
333: 365,391,425
334: 190,218,360,477
335: 216,218
336: 278,365,308
337: 423,309
338: 484,368,369,197,367
801: 741
340: 197,280,423,199
341: 149,342,202,226,257
342: 149,341,226,315
343: 313,232,315
344: 405,403,232,346,259
345: 176,372,173,259,260
346: 173,259,232,201,344
347: 289,496,464,409
348: 318,555
349: 632,433,381,525
350: 
351: 379,263,292,407,352
352: 407,264,351,292
353: 238,385
354: 356
355: 384
356: 502,354
357: 239,296
358: 184,476
359: 303,418
360: 302,334,477
361: 139,220,20
362: 538,648,649,483
363: 446,422,479,392,449
364: 220,219,302,275
365: 333,307,391,336
366: 246,304,222,148
367: 312,369,338,310
368: 484,338,281,452,511,197
369: 197,338,312,367
370: 373,431,314,284,311
371: 279,250,199,312
372: 345,259,405,260,291
373: 370,431,314,460
374: 460,313,396
375: 463,406,377,381
376: 465,319,522
377: 492,375,527
378: 
379: 351,288
380: 206
381: 433,463,375,349
382: 
383: 
384: 442,355
385: 353,416,529
386: 
387: 330,415,478,507
388: 412,413
389: 160,215,331,190
390: 477,305,451,275
391: 424,419,420,333,365
392: 479,363,449,277,483
393: 449,420,425,394
394: 426,393,277
395: 196,246,254
396: 432,374,403,400
397: 458,455,489
398: 547,399
399: 314,398,515
400: 405,403,432,396,291,319
401: 461,571,428,493
402: 488,519,552,520,491
403: 405,344,400,396
404: 436,179,256,320
405: 344,403,400,259,372,291
406: 515,375
407: 352,264,351,263
408: 264,467
409: 468,347,435
410: 234
411: 
412: 388,643,503,501
413: 471,639,388
414: 445,417,560
415: 473,330,387,507,421
416: 385
417: 471,560,414
418: 329,359,326,448
419: 424,391,420,451,306
420: 391,419,393
421: 507,533,473,415
422: 363,448,329,479
423: 337,281,340
424: 391,419,451,307
425: 426,393,333,309
426: 425,394
427: 545,484,430
428: 459,457,493,401
429: 489,575,603,459
430: 282,484,427
431: 373,370,283,284
432: 396,400,515
433: 463,349,381
434: 682,634,686
435: 409,263
436: 404,288
437: 519,659
438: 554
439: 553
440: 
441: 
442: 384
443: 502
444: 447
445: 414,475
446: 363,306
447: 444,330
448: 422,418,329,306
449: 393,363,392,277
450: 479,510
451: 332,306,390,305,424,419
452: 281,309,511,368
453: 624,538,516,541
454: 516,486
455: 482,486,458,397
456: 572,598
457: 428,282,575,461
458: 397,545,455
459: 428,493,429
460: 374,373,313
461: 311,571,401,457
462: 627,652,574,629
463: 433,375,551,381
464: 347
465: 376,256,319
466: 497,318
467: 408
468: 409,263
469: 526,580,554
470: 265
471: 413,417
472: 585
473: 415,560,330,421
474: 753,693
475: 563,445,620
476: 358,330
477: 390,334,360
478: 387,507,533
479: 450,392,363,422
480: 561,669,619,690
481: 
482: 455,486,508,656
483: 277,392,362
484: 338,368,427,545,430
485: 516,541
486: 508,454,512,482,455
487: 669,567,595,623
488: 402,519,552,573
489: 575,429,397,603
490: 226,168,279,250,227
491: 520,521,402
492: 377,522,289
493: 428,459,401,573
494: 605,610,581,523
495: 
496: 347,289,524
497: 466
498: 637,688
499: 318
500: 
501: 503,412
502: 443,356,613
503: 501,412,643,534
504: 530,563,506
505: 510,530,565
506: 532,567,504,530
507: 533,421,387,415,478
508: 486,512,482
509: 540,649
510: 505,329,450
511: 452,368,545
512: 600,568,486,508
513: 591,695,672,755
514: 599,572,680
515: 406,399,432
516: 485,453,454
517: 552,520,628,544
518: 579,577,602,606
519: 488,402,437
520: 517,552,544,402,491
521: 652,491,602
522: 492,376
523: 581,494
524: 635,527,289,496
525: 349,550,581
526: 469,580,578
527: 377,289,524
528: 
529: 298,385
530: 504,565,505,506
531: 616,615,534
532: 506,594
533: 507,421,478,565
534: 615,503,531
535: 570,568,539,646,600
536: 645,562
537: 690
538: 362,596,624,453
539: 621,646,568,535
540: 509,649,564
541: 485,277,453
542: 564,595,569
543: 598
544: 604,628,517,520
545: 458,427,511,484
546: 702,723,655,728
547: 398,551
548: 679,705,631
549: 606,679
550: 581,632,525
551: 573,547,463
552: 517,520,488,402
553: 439
554: 469,438
555: 348
556: 582,611
557: 639,613
558: 615
559: 589,641,642
560: 473,417,414
561: 480,589,691
562: 618,647,536,675
563: 475,504,565
564: 595,540,648,542
565: 530,533,563,505
566: 623,735,569
567: 506,487
568: 539,512,535
569: 593,595,566,542
570: 535,646,600,601,673
571: 311,461,401,314
572: 456,574,514,680,604
573: 551,493,488
574: 572,680,604,462
575: 489,429,282,457
576: 726
577: 579,518,659
578: 608,605,526
579: 577,518,657
580: 526,469
581: 550,525,523,494
582: 584,556
583: 637,584
584: 582,583
585: 472
586: 
587: 
588: 
589: 641,559,617,642,561,691
590: 645
591: 513,695,672
592: 621,593,653
593: 569,621,592
594: 532,619
595: 564,487,542,569
596: 538,648
597: 601,622,676,699
598: 543,656,456
599: 626,514
600: 512,570,535
601: 622,673,597,570
602: 521,606,518
603: 628,656,489,429
604: 544,572,574
605: 494,578
606: 549,602,518
607: 682,610
608: 578,636
609: 727
610: 494,607
611: 556
612: 
613: 502,557
614: 756,670
615: 534,667,558,616,531
616: 531,615,667,641
617: 589,641,619
618: 562,647,645,695,719
619: 669,594,617,480
620: 475
621: 539,592,646,593
622: 601,673,597,625
623: 566,669,487,735
624: 453,538
625: 701,622,673,724,698
626: 599,673,701
627: 462,652,629,655,728
628: 603,517,544
629: 680,683,627,462,655
630: 
631: 681,548
632: 349,550
633: 660
634: 434,682
635: 524
636: 663,608
637: 498,583,688
638: 
639: 557,413
640: 734
641: 589,559,617,667,616
642: 756,589,559,691
643: 666,412,503
644: 
645: 590,536,695,618
646: 621,539,570,535
647: 618,562,675,674
648: 362,649,564,596
649: 540,509,362,648
650: 719,797,697,696
651: 722,674,699,721
652: 627,462,521
653: 676,592
654: 683,744,701,677,723
655: 728,629,683,546,627
656: 603,482,598
657: 706,709,579
658: 
659: 437,577
660: 684,686,633
661: 710,748,708
662: 
663: 686,636
664: 
665: 
666: 643
667: 615,616,641
668: 756
669: 619,487,480,623
670: 614,691,718
671: 737,672
672: 692,671,591,513,755
673: 601,622,570,626,625
674: 722,651,647,676,675
675: 676,562,647,674
676: 653,675,674,597
677: 698,701,654,789,723
678: 721,739
679: 548,549
680: 629,514,572,574
681: 631,747
682: 434,607,634
683: 654,744,629,655
684: 660,703,685
685: 703,748,684
686: 663,434,660
687: 
688: 498,637
689: 
690: 735,537,480
691: 589,642,670,561
692: 672,737
693: 474
694: 734
695: 591,513,645,618
696: 697,739,719,650,722
697: 739,696,650,757
698: 724,677,701,625
699: 651,597,721
700: 793,726,707
701: 625,626,698,677,654,744
702: 789,723,546,704
703: 727,748,684,685
704: 762,702
705: 747,728,548
706: 657,709,729
707: 782,700,726
708: 748,661,784
709: 657,706,729
710: 661,784
711: 
712: 717
713: 
714: 
715: 736
716: 734
717: 712,774
718: 670
719: 650,618,696
720: 
721: 678,651,699
722: 674,651,739,696
723: 702,789,677,654,546
724: 698,765,625
725: 746
726: 700,707,576
727: 703,729,609
728: 655,546,627,705
729: 706,709,727
730: 743,763,793
731: 784
732: 768
733: 
734: 640,716,694
735: 690,623,566
736: 715
737: 671,692
738: 774,757
739: 697,696,722,678
740: 759,786,770
741: 801,745
742: 757,760
743: 730,762,793
744: 654,683,701
745: 741
746: 725,799
747: 705,681
748: 703,661,685,708
749: 783,766
750: 
751: 
752: 
753: 474
754: 771
755: 797,513,672
756: 642,668,614
757: 742,738,697
758: 760,773,776
759: 740,786,772
760: 758,742,775
761: 762
762: 761,704,743,763
763: 762,730
764: 
765: 724,789
766: 783,749
767: 769
768: 732
769: 767
770: 775,740
771: 754
772: 786,759
773: 758
774: 738,717
775: 770,760
776: 758
777: 
778: 791,795
779: 
780: 781
781: 780
782: 707
783: 766,799,749
784: 710,731,708
785: 
786: 772,740,759
787: 
788: 
789: 702,723,765,677
790: 792
791: 799,778,795
792: 790
793: 700,743,730
794: 
795: 791,778
796: 800
797: 755,650
798: 
799: 791,746,783