0: 
1: 
2: 
3: 
4: 
5: 
6: 
7: 10
8: 27
9: 
10: 7
11: 74
12: 
13: 64
14: 42,63
15: 31,71,67,46
16: 
17: 94,18
18: 17
19: 
20: 68,191,248
21: 37,36
22: 24
23: 77,76
24: 22,40,42,60
25: 
26: 
27: 8
28: 
29: 
30: 183,185
31: 15,71,88
32: 
33: 
34: 112
35: 101,76
36: 38,21
37: 21
38: 36
39: 125,146,124,62
40: 74,24,42
41: 97,170,225
42: 40,24,14
43: 
44: 58
45: 57
46: 67,15
47: 
48: 161
49: 162,189,163,90
50: 113
51: 66,89,221
52: 70
53: 91,73
54: 
55: 79,140
56: 138,140,79,96
57: 45,126,105
58: 44
59: 78,229,97,119,194
60: 24
61: 120
62: 175,39
63: 14,100
64: 13
65: 
66: 89,51
67: 46,15
68: 20,72,138,96
69: 186
70: 165,95,52
71: 31,15,161
72: 68,247,191
73: 75,143,91,53,93
74: 11,40
75: 73,171,79,143
76: 77,35,23,101
77: 225,76,23
78: 229,123,59,150
79: 55,56,140,75
80: 100
81: 128
82: 85,153
83: 209,290,287,208
84: 
85: 105,82
86: 159,271,386,273
87: 
88: 31
89: 66,51
90: 49
91: 53,143,73
92: 170,171,253,192,98,117
93: 73
94: 17,103
95: 70,162
96: 253,56,68,192,224
97: 122,41,121,225,119,59
98: 116,171,170,92
99: 123,102,172,203
100: 80,63
101: 35,76
102: 229,123,99,172
103: 94
104: 380,237
105: 57,85
106: 
107: 
108: 
109: 213
110: 134,211,158
111: 245,272
112: 34
113: 132,50
114: 
115: 335,216,142
116: 98,170
117: 169,192,92,122
118: 304,248
119: 228,145,97,122,59,194
120: 61
121: 97,225,150
122: 97,117,119,145
123: 78,229,150,102,146,99
124: 150,174,39,146
125: 39,146
126: 230,57
127: 230,203,285
128: 81
129: 
130: 
131: 233,152,262
132: 113,241
133: 
134: 110
135: 165
136: 185,240
137: 160,159
138: 56,140,167,68
139: 166,361,276,302
140: 56,138,167,55,79
141: 163,213,189
142: 163,216,115
143: 91,75,73
144: 169,193,251,145,252
145: 228,119,144,122
146: 39,125,150,124,123
147: 198,252,251,341
148: 246,304,222,395
149: 342,202,315
150: 124,121,78,123,146
151: 182,181
152: 131,317,176
153: 82,154
154: 153,231
155: 317,230,261,177
156: 
157: 
158: 211,110
159: 86,273,137
160: 137,270,164,218
161: 71,48
162: 49,165,95,244
163: 141,189,49,142
164: 218,270,160
165: 70,135,162
166: 139,361,247,191
167: 244,138,140
168: 254,196,250,226
169: 144,193,117,192,249
170: 92,116,98,41
171: 75,253,98,92
172: 203,102,99,286,285
173: 200,345
174: 124
175: 62
176: 152
177: 155,207
178: 257,255,205,286
179: 436,320,235
180: 207
181: 151,182
182: 151,181
183: 30,185
184: 358,387,274,416,303
185: 183,30,136
186: 69
187: 245
188: 242,212
189: 163,141,49
190: 331,218,334
191: 247,166,20,72
192: 249,224,253,96,92,169,117
193: 169,144,249
194: 228,119,229,59,205
195: 251,395
196: 254,168
197: 280,199,340,369
198: 147,252,228,205
199: 197,280,250,369,279,371
200: 173,316,285,201
201: 258,316,200,346
202: 149,342,341,257
203: 172,99,127
204: 231
205: 178,257,198,194
206: 
207: 177,180
208: 287,83
209: 83,321
210: 
211: 110,158
212: 267,188
213: 109,217,141
214: 
215: 389,274,328,243
216: 142,335,115
217: 213
218: 164,160,327,190
219: 222,223
220: 302,223,477,364
221: 51
222: 219,304,246,148,366
223: 220,302,361,219
224: 192,249,96
225: 77,97,41,121
226: 341,168,250,279
227: 431,490
228: 119,145,198,194
229: 78,123,59,194,102
230: 127,126,261,155
231: 204,154
232: 258,315,343,346,344
233: 131,294,262
234: 410
235: 379,287,436,179,290
236: 
237: 104
238: 298
239: 268,357
240: 136
241: 272,132
242: 188
243: 215,389,328,326
244: 167,162
245: 111,187
246: 148,366,222,395,308,254
247: 191,166,72
248: 395,20,118,249
249: 192,224,248,169,193
250: 280,199,168,226,279
251: 195,144,147,252
252: 198,147,144,251
253: 96,171,192,92
254: 196,168,246,308,280
255: 178,257,316,286
256: 291,404,260,372,320
257: 178,255,205,202
258: 232,315,201,316
259: 405,345,346,372,291
260: 256,372,320
261: 230,155
262: 131,233
263: 407,264,439,352
264: 438,439,263
265: 470
800: 792
267: 212,295
268: 239
269: 
270: 164,160
271: 386,325,86
272: 241,325,111
273: 274,159,86
274: 273,184,215
275: 364,307,390,424
276: 335,139,302
277: 363,449,392,393
278: 308,336,365,337,423
279: 490,199,250,226
280: 197,199,250,308,340,254
281: 337,423,309
282: 310,284,484,367,312
283: 371,490,431,370
284: 282,310,312,311
285: 316,286,172,127,200
286: 316,285,178,255,172
287: 379,235,290,83,208
288: 351,435
289: 347,492,377,496
290: 287,235,83
291: 256,405,259,372
292: 379,407
293: 
294: 380,233
295: 267,296
296: 299,295
297: 
298: 238
299: 296,357
300: 328,303,418,301
301: 300
302: 220,223,276,360,477,139
303: 328,300,184
304: 222,118,148
305: 390,326,332
306: 419,451,332,448
307: 275,364,336
308: 278,340,246,366,254,280
309: 452,425,426,281
310: 282,430,284,484
311: 571,284
312: 371,282,284,370
313: 431,373,374
314: 398,460
315: 258,232,149,343
316: 286,285,255,258,201,200
317: 155,152
318: 467,438
319: 400,404,465
320: 436,179,256,404,260
321: 209
322: 382
323: 
324: 
325: 272,271
326: 332,243,305
327: 218
328: 300,303,215,243
329: 418,478,507
330: 476,447
331: 190,334
332: 326,448,305,306
333: 424,420,391
334: 360,190,331,335
335: 115,276,216,334
336: 307,365,278
337: 281,423,365,425,278
338: 484,367,368
801: 
340: 308,423,197,280
341: 226,147,342,202
342: 149,202,341
343: 403,232,315,344
344: 405,232,343,403,346
345: 346,173,259
346: 345,232,201,344,259
347: 289,464
348: 466,499
349: 437,519,551,433
350: 
351: 288,435,407
352: 408,263
353: 
354: 355,356
355: 354,383
356: 354
357: 239,299
358: 184,387,385,476
359: 418,415
360: 334,477,302
361: 139,166,223
362: 509,541,483,648,624
363: 449,277,446,392
364: 275,307,477,220
365: 391,336,278,337
366: 246,222,308
367: 484,338,369,282
368: 452,338,511
369: 197,199,367,371
370: 312,283,431
371: 312,283,199,369
372: 259,256,291,260
373: 313,374,460
374: 403,313,373
375: 492,522,463
376: 400,492,522,464
377: 527,289,524
378: 
379: 287,235,436,292
380: 294,104
381: 527,525,581
382: 322
383: 355,443
384: 442
385: 529,476,358
386: 271,86
387: 184,358
388: 471,413,412,560,417
389: 215,243
390: 305,451,275
391: 365,424,333
392: 541,483,479,446,363,277
393: 426,449,277
394: 541,453
395: 248,246,148,195
396: 
397: 455,458,656
398: 314,399,401,547
399: 398,547,406,515
400: 376,319,432,522
401: 573,547,493,398
402: 521,491,437,519
403: 343,374,344
404: 256,319,320,465
405: 344,259,291
406: 515,399,463
407: 263,351,292
408: 352
409: 496,435
410: 234
411: 
412: 388,639,417,501
413: 471,613,388
414: 417,445,473,560
415: 447,359,421
416: 184
417: 414,388,412,560,501
418: 359,300,329
419: 451,306,420
420: 333,419,449
421: 533,478,415,473
422: 446
423: 337,281,278,340
424: 333,275,391
425: 426,337,309
426: 393,425,309
427: 575,489,545,458,430
428: 461,459,575,429,603
429: 575,489,428,603
430: 310,427,575,457
431: 313,227,490,283,370
432: 515,400,522
433: 551,349
434: 550,577,610
435: 288,409,351
436: 320,179,379,235
437: 349,519,402,659
438: 264,439,468,318,467
439: 438,264,263
440: 
441: 
442: 384
443: 383,500
444: 471,447,560
445: 414,475,620
446: 479,422,363,392
447: 473,444,330,415
448: 332,306
449: 363,277,420,393
450: 505,530,506,540
451: 419,306,390
452: 309,368
453: 624,538,394,516
454: 485,516,538,455
455: 454,482,397
456: 544,603
457: 571,430,461
458: 511,545,397,427
459: 461,428,517,603
460: 373,314
461: 459,428,493,457
462: 602,652,627
463: 406,375
464: 465,376,347
465: 464,404,319
466: 499,348
467: 318,438,553
468: 438
469: 524,523
470: 265
471: 413,444,388,560
472: 
473: 447,414,421
474: 612,666
475: 563,445,533
476: 529,385,358,330
477: 360,220,302,364
478: 533,421,329,507
479: 446,392,483
480: 594,561,487,669
481: 592,621
482: 455,486,598
483: 392,541,479,362
484: 545,338,367,282,310
485: 454,516
486: 600,512,482,508
487: 623,735,669,567,480,594,564
488: 517,552,491
489: 427,575,429,656
490: 279,283,227,431
491: 552,520,488,402
492: 375,522,376,289
493: 461,401
494: 550,632,635
495: 
496: 524,409,289
497: 553
498: 750
499: 466,578,608,348
500: 443
501: 503,412,417
502: 
503: 501,643,534
504: 532,567,531,594
505: 530,565,450,563,510
506: 567,530,450,564
507: 510,533,478,329
508: 600,486,543
509: 362,540,649,595,648
510: 507,533,505,565
511: 458,368
512: 538,486
513: 695,645,755,618
514: 543,572
515: 406,399,432
516: 453,538,485,454
517: 544,603,552,459,488
518: 659,521
519: 349,437,402
520: 604,627,491
521: 402,602,518
522: 492,375,432,376,400
523: 635,527,581,524,469
524: 469,496,377,527,523
525: 581,381,607
526: 578,635
527: 377,381,581,524,523
528: 
529: 476,385
530: 505,450,563,532,506
531: 534,620,532,504
532: 504,563,531,530
533: 421,478,475,563,507,510,565
534: 503,531
535: 568,539,600,570
536: 690,735,592
537: 690,691,669
538: 453,516,454,512
539: 535
540: 450,649,509
541: 392,483,362,394
542: 566,569,593
543: 599,514,508
544: 517,603,552,456
545: 484,458,427
546: 728,683,629,574
547: 401,573,398,399,551
548: 549,679,657
549: 679,548,655,652
550: 632,434,610,494
551: 433,573,547,349
552: 517,544,488,491
553: 467,497
554: 580
555: 611
556: 
557: 639
558: 643
559: 589,667,641,756
560: 471,444,388,414,417
561: 617,619,480,669
562: 690,695,618
563: 475,533,505,530,565,532
564: 506,567,487,623
565: 505,533,563,510
566: 542,592,623,735,569
567: 506,504,594,564,487
568: 535,596,593
569: 595,593,542,566
570: 673,535,600,599
571: 311,457
572: 628,514,680
573: 401,547,551
574: 546,655
575: 427,429,489,430,428
576: 726,661
577: 682,579,659,434
578: 526,499
579: 682,577,602,606
580: 554
581: 525,381,527,632,523
582: 584
583: 685,633
584: 582,663
585: 
586: 
587: 
588: 
589: 559,619,642,756,617
590: 718,691,645
591: 718,645
592: 566,735,536,481
593: 569,542,568
594: 480,567,504,487
595: 569,648,649,509
596: 648,624,568
597: 721,699,674,625
598: 482
599: 543,570,626
600: 486,535,570,508
601: 622,625,646,676,673
602: 652,462,606,521,579
603: 517,544,429,456,459,428
604: 520,628,680,627
605: 636
606: 602,652,579
607: 632,659,525
608: 499
609: 703,661,727
610: 550,434
611: 555
612: 474
613: 413
614: 670,716
615: 667,616
616: 615,667,641
617: 691,561,589,619
618: 696,695,513,562
619: 589,641,617,561
620: 445,531
621: 653,676,481
622: 601,625,673,626
623: 487,735,564,566
624: 453,596,362
625: 601,622,597,721,701
626: 744,622,599
627: 520,604,462
628: 572,680,604
629: 683,546
630: 766,730,725
631: 681,705,706
632: 550,607,581,494
633: 685,708,583
634: 709,684,660,685
635: 523,494,526
636: 663,605
637: 688
638: 
639: 557,412
640: 668
641: 616,667,559,619
642: 670,756,589,718
643: 503,666,558
644: 
645: 695,513,590,591
646: 601,653,676,673
647: 675,722
648: 595,649,596,509,362
649: 540,509,595,648
650: 697,719,738,757
651: 739,674,697,699
652: 602,462,606,549
653: 621,676,646
654: 702,789,677
655: 574,549,679
656: 397,489
657: 729,548
658: 749
659: 518,437,577,607
660: 686,634
661: 727,576,609
662: 
663: 636,584
664: 
665: 
666: 474,643
667: 615,616,641,559
668: 640
669: 487,735,480,561,537
670: 642,756,614,718
671: 737,672
672: 755,671,797
673: 570,601,622,646
674: 597,699,651
675: 676,647,722
676: 653,621,675,601,646
677: 698,701,654
678: 698,701,721
679: 549,548,655,705
680: 628,572,604
681: 631,705,743,793
682: 579,577,729
683: 629,702,546,728,723
684: 634,709
685: 633,634,583
686: 660
687: 
688: 637
689: 
690: 536,537,695,562
691: 617,590,537
692: 770
693: 753
694: 
695: 645,513,690,562,618
696: 618
697: 650,757,651,739
698: 678,677,701,765
699: 597,721,674,651
700: 793,730,726,707
701: 678,677,698,625,721
702: 654,789,683,723
703: 609,748
704: 765,761,789
705: 631,681,728,747,679
706: 631
707: 782,700,726
708: 748,633
709: 634,684
710: 726,784
711: 
712: 717,715,737
713: 
714: 
715: 736,712
716: 734,614
717: 712,770
718: 590,670,642,591
719: 797,650,738
720: 760,724
721: 597,699,625,678,701
722: 647,675
723: 747,683,702,728
724: 765,761,720
725: 783,746,630
726: 576,710,700,707
727: 661,609
728: 546,683,747,723,705
729: 657,682
730: 630,700
731: 
732: 
733: 754,736
734: 716
735: 487,623,669,536,566,592
736: 715,733
737: 671,712
738: 719,797,650,775
739: 651,697,757,742
740: 786
741: 777,745
742: 757,739
743: 747,681
744: 626
745: 777,741,758,776
746: 779,725,783
747: 743,723,728,705
748: 708,703
749: 658
750: 498
751: 767
752: 
753: 693
754: 733
755: 513,672
756: 670,642,589,559
757: 650,697,739,742
758: 776,760,777,745
759: 772
760: 758,720,777
761: 765,724,704
762: 780
763: 
764: 
765: 761,724,698,704
766: 630,782
767: 751
768: 784
769: 
770: 774,717,692
771: 
772: 759
773: 796,776
774: 770,775
775: 774,738
776: 758,773,745
777: 741,745,760,758
778: 795
779: 746
780: 762
781: 790
782: 707,766
783: 725,746,799
784: 768,710
785: 
786: 740
787: 
788: 
789: 702,654,704
790: 791,781
791: 790
792: 800
793: 700,681
794: 
795: 778
796: 773
797: 672,719,738
798: 
799: 783